onegate_1_frame0638.jpg -0.156199 -0.137397 3.277507 -2.224182 -1.872030 -0.005682
onegate_2_frame0285.jpg -0.516341 1.086671 5.218345 -1.642958 -1.762226 1.059797
onegate_1_frame0331.jpg 0.064734 -0.711194 4.094934 -1.903134 -1.760312 0.567042
onegate_2_frame0269.jpg -0.375077 0.268140 4.662158 -1.733686 -1.785363 1.167385
onegate_2_frame0810.jpg 0.088396 0.349649 3.089699 -2.131961 -1.948563 -0.329534
onegate_1_frame0350.jpg 0.305000 -0.563353 4.269338 -1.947153 -1.864282 0.972098
onegate_2_frame0996.jpg 0.442014 0.483674 3.814897 1.533268 1.454084 0.890939
onegate_1_frame0609.jpg 0.108110 0.397109 2.996811 -2.067413 -1.883607 -0.164996
onegate_1_frame0379.jpg -0.652698 -0.177969 4.270941 -1.986973 -1.798769 0.541333
onegate_1_frame1231.jpg 0.094138 -0.298434 1.897007 -2.011568 -1.967410 -0.266938
onegate_1_frame0389.jpg -0.175787 0.080259 4.366823 -2.036646 -1.706025 0.601811
onegate_1_frame0666.jpg -0.620490 -0.855805 3.382016 1.649877 1.686044 0.508899
onegate_2_frame0299.jpg -0.097118 0.448390 4.723102 -1.557922 -1.725758 1.245551
onegate_1_frame0460.jpg 0.451881 -0.571211 3.216113 -1.629703 -1.643116 0.924846
onegate_1_frame0736.jpg 0.087504 -0.125902 3.875373 1.379303 1.679500 0.512687
onegate_1_frame0574.jpg -0.004186 -0.110140 3.472320 -2.199247 -1.816771 0.116338
onegate_2_frame0332.jpg 0.051306 -0.536508 3.417937 -1.372292 -1.570428 1.362745
onegate_1_frame0685.jpg -0.329877 0.499878 3.790295 -2.008303 -1.975352 0.155389
onegate_2_frame1001.jpg 0.502411 -0.162848 2.893259 1.701805 1.425781 0.782421
onegate_1_frame0053.jpg -0.213519 0.141138 3.435471 -2.022485 -1.957944 -0.115762
onegate_1_frame0904.jpg 0.029611 -0.381002 2.162323 -2.044648 -2.031025 -0.232272
onegate_2_frame1368.jpg 0.777823 0.422770 3.686356 1.925805 1.704991 -1.275671
onegate_1_frame0557.jpg 0.783557 -0.339077 3.318804 -2.007046 -2.114716 0.859219
onegate_1_frame0332.jpg 0.100771 -0.810561 3.848473 -1.817119 -1.784642 0.602953
onegate_2_frame1364.jpg 0.311625 0.068357 2.920854 -2.274155 -1.908828 -0.155731
onegate_1_frame0400.jpg 1.417766 0.055464 3.802578 -2.258021 -2.088870 -0.227640
onegate_1_frame0695.jpg 0.005458 -0.172997 3.660937 1.883952 1.708750 0.184422
onegate_1_frame1082.jpg 0.424719 -0.326162 2.153050 -1.958685 -2.007139 -0.395400
onegate_2_frame0587.jpg -0.223865 -0.079659 3.642011 -1.481668 -1.561016 0.904852
onegate_2_frame1146.jpg -0.125431 0.016102 1.597406 -1.930700 -1.835003 -0.366145
onegate_1_frame0199.jpg -0.499800 -0.874338 4.436266 -1.939100 -1.993043 0.286463
onegate_1_frame0422.jpg -0.491945 0.191285 4.189162 -1.939568 -1.798154 0.522329
onegate_2_frame1358.jpg 0.444727 -0.034322 2.183779 -2.219900 -1.881295 -0.348010
onegate_1_frame0985.jpg -0.350987 0.003721 2.661568 -1.970827 -1.803938 0.405062
onegate_2_frame1351.jpg 0.216991 -0.175907 1.450722 -2.207648 -1.819398 -0.362808
onegate_1_frame0530.jpg -0.465345 -0.460618 3.149091 -1.868996 -1.982933 0.403779
onegate_2_frame0331.jpg 0.108847 -0.548290 3.497058 -1.382416 -1.590836 1.378255
onegate_1_frame0201.jpg -0.605263 -0.551966 4.661439 1.897031 1.721364 0.194494
onegate_2_frame0274.jpg -0.234613 0.664860 4.856934 -1.735743 -1.715251 1.153675
onegate_1_frame0344.jpg -0.329214 -0.791300 4.090832 -1.791217 -1.971307 0.608303
onegate_2_frame0897.jpg -0.274320 -0.639809 3.387272 1.409231 1.607940 0.548911
onegate_2_frame1387.jpg 0.235342 -0.008213 2.954741 2.073538 2.156058 0.271086
onegate_2_frame0732.jpg 0.023404 0.250653 2.638744 -2.133098 -1.775477 -0.124122
onegate_1_frame0630.jpg 0.251292 0.419355 2.867615 -2.067967 -1.866079 -0.290795
onegate_1_frame0374.jpg -1.271671 -0.259709 4.179532 -1.967233 -1.747241 0.424130
onegate_1_frame0083.jpg -0.215210 -0.167104 4.714186 1.788309 1.736844 -0.373306
onegate_1_frame0054.jpg -0.383172 0.129049 3.407896 -1.948887 -1.969394 -0.056232
onegate_1_frame0030.jpg 0.060070 -0.446670 2.912267 -2.014911 -2.002279 -0.288542
onegate_1_frame0208.jpg 0.107817 -0.510066 4.483235 2.276265 2.133470 0.304180
onegate_1_frame0709.jpg -0.126341 0.381613 4.583927 2.307753 1.903844 -0.815221
onegate_2_frame0191.jpg 0.459734 1.061770 5.543849 1.762401 1.938261 -0.886518
onegate_1_frame0559.jpg 0.805943 -0.614346 2.728224 2.130383 2.280602 0.298504
onegate_1_frame1190.jpg 0.103973 0.523118 3.851397 -1.987908 -1.937096 -0.237077
onegate_1_frame0573.jpg -0.085059 -0.262794 3.473095 -2.082945 -1.940721 0.175403
onegate_1_frame0707.jpg 0.027146 -0.127040 3.839933 1.958383 1.954954 0.481173
onegate_2_frame0275.jpg -0.391039 0.644975 4.785195 -1.699963 -1.754267 1.131457
onegate_1_frame0710.jpg -0.145211 0.538945 4.592197 2.029632 1.858269 0.221690
onegate_2_frame0977.jpg -0.370306 -0.265294 3.170184 1.420931 1.213815 1.006134
onegate_2_frame0774.jpg -0.139850 -0.659715 3.270516 1.996744 2.009340 -0.171075
onegate_1_frame0241.jpg -0.094707 -0.538339 4.327560 -1.852750 -1.986501 0.130340
onegate_2_frame0975.jpg -0.556489 -0.049490 3.452259 1.374752 1.204562 0.945137
onegate_1_frame0449.jpg -0.293267 0.519095 4.149665 -1.980887 -1.801652 0.785008
onegate_1_frame0224.jpg -0.327063 -0.587220 4.239994 -1.859454 -1.930660 0.079823
onegate_2_frame0650.jpg -0.102696 -0.147988 2.882894 -1.787603 -1.705838 0.463196
onegate_2_frame0724.jpg 0.430750 0.072417 2.602678 -2.037674 -1.953441 -0.158380
onegate_1_frame0811.jpg -0.053509 -0.241935 3.539825 1.206971 1.515267 0.439788
onegate_1_frame0981.jpg -1.078658 -0.246696 2.455635 -1.856838 -1.878502 0.374774
onegate_1_frame0064.jpg -0.057547 -0.800222 4.198847 2.037934 2.202959 0.380484
onegate_2_frame0794.jpg -0.023772 -0.055670 2.849204 -2.045867 -2.097344 -0.100769
onegate_1_frame0478.jpg -0.610559 -0.581224 3.197888 -1.718369 -1.730515 0.661384
onegate_1_frame0492.jpg -0.613794 0.055169 3.564277 -1.773480 -1.711805 0.675627
onegate_1_frame0664.jpg -0.839415 -0.851969 3.100694 -1.867479 -1.938729 0.162264
onegate_1_frame0988.jpg 0.142326 0.061915 2.882094 -1.996274 -1.731795 0.690452
onegate_1_frame0990.jpg -0.130902 0.088582 2.830341 -1.963692 -1.697229 0.560587
onegate_1_frame0598.jpg 0.065659 -0.872636 3.099075 -2.048364 -2.145946 0.363486
onegate_1_frame0444.jpg 0.161469 -0.362341 3.562386 -1.851384 -1.686602 1.057829
onegate_2_frame0177.jpg 0.135181 -0.550828 4.436690 -1.951640 -2.116326 0.683881
onegate_2_frame0906.jpg -0.389624 -0.457193 3.382315 1.425107 1.588227 0.607081
onegate_2_frame0253.jpg 0.512685 0.187282 4.541016 -1.629244 -1.827762 1.477394
onegate_1_frame0203.jpg -0.182165 -0.188270 5.191826 1.895435 1.942438 -0.088083
onegate_2_frame0811.jpg 0.167306 0.269137 2.968283 -2.076718 -2.020306 -0.392396
onegate_1_frame0829.jpg -0.753931 0.289625 3.569133 1.365952 1.410938 0.598999
onegate_1_frame0541.jpg -0.773668 0.174750 3.097421 -1.864439 -1.833894 0.121354
onegate_1_frame0317.jpg -0.031796 0.265002 4.641392 -1.868557 -1.825990 0.344860
onegate_2_frame0303.jpg -0.080056 -0.198591 3.966926 -1.459712 -1.738444 1.274077
onegate_1_frame0702.jpg -0.151152 -0.768750 3.209157 1.875313 1.736504 0.783472
onegate_1_frame0210.jpg 0.180859 -0.452813 4.520864 -2.153887 -1.996092 -0.206458
onegate_2_frame1258.jpg -0.317384 0.077584 2.481696 -1.647628 -1.775483 0.335905
onegate_2_frame1398.jpg 0.604081 0.136237 2.317052 -1.924059 -2.375128 -0.447287
onegate_1_frame0928.jpg 0.003226 -0.145594 2.068230 -1.902947 -2.007071 -0.149418
onegate_1_frame0144.jpg 0.442458 -0.399606 4.761821 2.010067 2.105453 -0.593896
onegate_1_frame0273.jpg 0.223913 -1.007829 4.463622 -1.914272 -1.886954 0.679568
onegate_1_frame0009.jpg 0.024846 -0.799178 3.001609 -2.103289 -2.165352 0.298136
onegate_2_frame0950.jpg -0.127952 -0.303108 3.352088 1.450844 1.480464 0.912152
onegate_2_frame0065.jpg 0.053499 -0.258606 2.707188 -1.988005 -2.039622 -0.289725
onegate_1_frame0737.jpg 0.055814 -0.327023 3.681744 1.342557 1.667495 0.606483
onegate_1_frame0154.jpg 0.225955 -0.647379 4.333601 -2.071081 -2.062128 0.182211
onegate_1_frame0637.jpg -0.077823 -0.201702 3.235011 -2.284206 -1.933027 -0.134583
onegate_2_frame0952.jpg -0.153837 -0.386277 3.372459 1.358699 1.514901 0.950596
onegate_2_frame0908.jpg -0.335876 -0.416816 3.326518 1.490454 1.551544 0.657751
onegate_1_frame0657.jpg 0.315951 -0.583362 3.402932 -2.087526 -2.085366 0.204455
onegate_1_frame0333.jpg 0.017932 -0.816058 3.769932 -1.790387 -1.774592 0.577660
onegate_2_frame0297.jpg -0.095962 0.513699 4.679212 -1.592854 -1.687934 1.206863
onegate_1_frame0691.jpg 0.411332 -0.417572 3.459230 2.108748 2.036700 0.153777
onegate_1_frame0123.jpg 0.079412 0.648926 4.411398 -2.036165 -1.922599 -0.193995
onegate_1_frame0533.jpg -0.502184 -0.214872 3.128668 -2.005959 -1.783238 0.276722
onegate_1_frame0258.jpg -0.345039 -0.785599 4.740138 -1.907809 -1.984614 0.378267
onegate_2_frame0920.jpg 0.296570 0.255668 3.703502 1.815314 1.845943 0.809464
onegate_1_frame0296.jpg 0.021091 -1.058217 4.109501 -1.779193 -1.921761 0.559844
onegate_1_frame0912.jpg -0.225730 0.254169 2.425251 -2.038512 -1.860368 -0.261967
onegate_2_frame0888.jpg -0.144081 -0.599870 3.197457 1.507238 1.624098 0.629845
onegate_1_frame0206.jpg -0.210967 -0.220101 5.057656 1.873647 2.003920 0.017571
onegate_1_frame1137.jpg -0.115159 -0.100607 2.172879 -2.018559 -1.961878 -0.177336
onegate_1_frame1150.jpg -0.556913 -0.134913 2.435035 -2.005422 -1.950979 -0.055696
onegate_2_frame1384.jpg 0.182280 0.092205 3.120279 2.284305 2.027416 0.126145
onegate_2_frame1361.jpg 0.636405 0.198602 2.393342 -2.181683 -1.904786 -0.364589
onegate_2_frame0793.jpg 0.023112 -0.002311 2.699585 -2.086484 -1.989563 -0.124463
onegate_1_frame0715.jpg -0.135694 0.788550 4.595473 1.713783 1.715083 0.229026
onegate_2_frame0231.jpg -0.492106 -0.276263 4.648982 -1.735145 -1.815930 0.661125
onegate_2_frame0773.jpg -0.054193 -0.991114 2.874278 -2.099535 -2.151779 0.269438
onegate_1_frame0125.jpg -0.106777 0.644179 4.514985 -2.020866 -1.899080 -0.189696
onegate_1_frame0230.jpg 0.212642 -0.102931 4.700871 -1.953944 -2.029340 0.063733
onegate_1_frame1139.jpg -0.065090 -0.212221 2.292584 -2.040588 -2.008039 -0.184594
onegate_1_frame1155.jpg -0.409600 -0.209765 2.422048 -1.966853 -1.994523 -0.068071
onegate_1_frame0643.jpg -0.318502 0.029152 3.378813 -2.081463 -1.979033 -0.061285
onegate_2_frame0730.jpg -0.012134 0.205908 2.644949 -2.189360 -1.685217 -0.067781
onegate_2_frame0281.jpg -0.312586 0.455596 4.464131 -1.560388 -1.711431 1.116566
onegate_2_frame0241.jpg -0.198064 -0.214765 4.709655 -1.712733 -1.943649 0.867693
onegate_1_frame0215.jpg 0.002169 -0.195433 4.629648 -1.935885 -2.078525 -0.151929
onegate_1_frame0683.jpg -0.153893 -0.158003 4.028606 1.601436 1.863923 0.039750
onegate_2_frame0857.jpg 0.070022 -0.171917 3.494137 1.933585 1.766170 0.158151
onegate_1_frame0061.jpg 0.168324 -0.588219 3.896361 -2.094676 -2.099015 -0.059941
onegate_1_frame0681.jpg -0.208559 -0.538551 3.437686 -1.721520 -1.982763 0.186893
onegate_1_frame0646.jpg -0.627058 -0.068653 4.097293 2.092596 1.990115 0.016005
onegate_1_frame0142.jpg -0.090262 -0.728397 4.360873 1.991133 2.137883 0.268556
onegate_1_frame0316.jpg 0.058065 0.499847 4.916762 -1.916791 -1.862396 0.366975
onegate_1_frame0245.jpg 0.168190 -0.974664 4.450730 -1.855960 -2.118099 0.283595
onegate_2_frame1002.jpg 0.407329 -0.218726 2.992860 -1.680502 -1.025355 1.338902
onegate_2_frame0762.jpg 0.042168 -0.483325 2.457689 -2.242807 -1.939754 -0.253431
onegate_1_frame0578.jpg 0.440281 0.140733 3.058695 -2.174991 -1.878115 -0.207237
onegate_1_frame0052.jpg -0.244538 0.316026 3.387586 -1.998923 -1.977153 -0.114900
onegate_2_frame0579.jpg -0.611109 -0.206353 3.594416 -1.569841 -1.600982 0.906540
onegate_1_frame0674.jpg -0.441399 -0.857025 3.739755 1.674750 1.808373 0.353928
onegate_1_frame0006.jpg 0.029060 -0.965071 3.010005 2.144229 2.142155 -0.073044
onegate_1_frame1136.jpg -0.120702 -0.045802 1.995437 -2.017994 -1.918800 -0.198026
onegate_2_frame1362.jpg 0.469465 0.045359 2.613460 -2.233370 -1.920159 -0.294182
onegate_1_frame0218.jpg -0.042307 -1.335919 4.102892 -1.855342 -2.051643 0.382602
onegate_1_frame0127.jpg -0.207779 0.405421 4.331712 -1.905142 -2.005254 -0.110598
onegate_2_frame0718.jpg 0.163965 -0.435057 2.886537 2.122310 2.017584 0.590346
onegate_1_frame0211.jpg 0.187222 -0.296145 4.427777 -2.116128 -1.976547 -0.286450
onegate_2_frame0157.jpg 0.357016 -0.933419 3.276044 -1.866854 -2.259224 -0.762869
onegate_2_frame0296.jpg -0.032739 0.680587 4.795769 -1.616029 -1.658722 1.209147
onegate_1_frame0368.jpg -0.856935 -0.269364 4.308077 -1.899370 -1.882430 0.536944
onegate_1_frame0689.jpg -0.176048 0.818012 4.327736 1.592843 1.610989 -0.439727
onegate_1_frame0825.jpg -0.550637 -0.113597 3.277597 1.331539 1.496211 0.716040
onegate_1_frame0581.jpg -0.265888 0.085579 3.371882 -2.069423 -1.944968 0.007271
onegate_1_frame0491.jpg -0.652320 0.388244 3.937696 -1.840946 -1.736193 0.653113
onegate_2_frame0658.jpg -0.206442 -0.122778 2.963118 -1.708129 -1.771694 0.326097
onegate_2_frame1369.jpg 0.576072 0.249284 3.095251 -2.285884 -1.967458 -0.282626
onegate_1_frame0409.jpg 1.515461 0.408684 4.533059 -1.974134 -1.844249 1.246511
onegate_2_frame1388.jpg 0.397572 -0.079334 2.770189 2.003081 2.170113 0.395850
onegate_1_frame1138.jpg -0.062537 -0.143854 2.237142 -2.031679 -1.968411 -0.159083
onegate_1_frame0386.jpg -0.668996 -0.217989 4.230134 -1.970251 -1.772134 0.543331
onegate_1_frame0633.jpg 0.015776 0.344043 3.105513 -2.137422 -1.889421 -0.248437
onegate_1_frame0496.jpg -0.437238 -0.210916 3.378912 -1.699923 -1.773869 0.860571
onegate_1_frame0636.jpg -0.076215 -0.116743 3.228627 -2.264693 -1.912692 -0.138737
onegate_1_frame0222.jpg -0.123645 -0.900441 4.574454 -1.955016 -2.091532 0.171617
onegate_1_frame1010.jpg -0.230495 0.107721 2.841527 -1.703220 -1.647190 0.796312
onegate_2_frame0921.jpg 0.235823 0.699514 4.136104 1.760889 1.820844 0.711832
onegate_1_frame0465.jpg 0.596855 0.513858 4.145751 -1.829712 -1.737280 0.820413
onegate_1_frame0472.jpg 0.544231 0.191758 3.970760 -1.745308 -1.720356 0.884659
onegate_1_frame0845.jpg 0.739532 0.282511 3.059807 1.928982 1.985253 0.578077
onegate_2_frame0764.jpg 0.021799 -0.229547 2.539485 -2.222539 -1.856363 -0.130577
onegate_1_frame0364.jpg -0.699558 -0.360889 4.305930 -1.917335 -1.832013 0.510567
onegate_2_frame0812.jpg 0.139186 0.138489 3.068245 -2.152595 -2.021491 -0.313993
onegate_1_frame0672.jpg -0.434135 -0.922310 3.605513 1.673763 1.797444 0.442072
onegate_1_frame0579.jpg 0.541410 0.094785 3.744258 1.964227 1.757165 -0.922495
onegate_1_frame0016.jpg 0.015198 -0.427367 2.940735 -2.084842 -2.026340 -0.139974
onegate_1_frame0146.jpg 0.585623 -0.327147 4.014165 -2.103448 -2.067190 -0.371810
onegate_1_frame0153.jpg 0.127448 -0.733077 4.219871 -2.255579 -2.124099 -0.361771
onegate_1_frame0286.jpg -0.328862 -1.343834 4.353440 -1.933977 -1.917336 0.513639
onegate_2_frame1145.jpg -0.099378 0.018940 1.552064 -1.936618 -1.809829 -0.348258
onegate_2_frame0171.jpg -0.036534 -0.121508 4.742589 2.004238 2.149080 -0.608950
onegate_1_frame0948.jpg 0.016475 -0.430459 2.662813 -2.196453 -2.127064 0.462390
onegate_1_frame0464.jpg 0.661356 0.256774 3.935097 -1.754575 -1.701902 0.915168
onegate_1_frame0122.jpg 0.147224 1.044253 5.457087 1.643736 1.628462 -0.703836
onegate_1_frame0104.jpg -0.127124 -0.966424 4.355171 2.153239 2.090237 0.281909
onegate_2_frame0273.jpg -0.253580 0.910930 5.133709 -1.712442 -1.766191 1.295683
onegate_1_frame0606.jpg 0.246625 0.125409 2.793082 -2.132154 -1.788382 -0.199381
onegate_1_frame0570.jpg -0.288552 -0.476202 3.338414 -2.014400 -1.844072 0.425398
onegate_2_frame0872.jpg 0.199153 0.533153 4.018445 1.992878 1.979492 0.341044
onegate_1_frame0667.jpg -0.625435 -0.531094 3.667943 1.610907 1.677525 0.344743
onegate_1_frame0367.jpg -0.910048 -0.211579 4.310860 -1.940116 -1.849794 0.495453
onegate_2_frame0907.jpg -0.497471 -0.334932 3.422070 1.417611 1.535836 0.605437
onegate_1_frame1148.jpg -0.504716 -0.103961 2.415630 -1.992904 -1.943093 -0.074970
onegate_1_frame0555.jpg -0.102989 0.011104 3.383299 -1.936240 -1.925503 0.249918
onegate_2_frame0652.jpg -0.199642 0.232373 3.088641 -1.791168 -1.757217 0.360585
onegate_1_frame0124.jpg 0.074623 0.686983 4.567987 -2.036395 -1.921730 -0.195308
onegate_2_frame0346.jpg 0.537593 0.752412 4.247903 -1.458044 -1.455625 1.423037
onegate_1_frame0318.jpg -0.088877 0.017247 4.451865 -1.851827 -1.808583 0.437894
onegate_1_frame0328.jpg -0.040141 -0.222269 4.200425 -1.827858 -1.809538 0.444396
onegate_2_frame0188.jpg 0.069326 0.426258 5.128362 -2.051181 -2.158876 0.207581
onegate_1_frame0649.jpg -0.171664 -0.379044 3.316258 -1.918227 -2.078056 0.011662
onegate_2_frame1378.jpg 0.410463 0.247999 3.387862 2.324117 2.007093 0.094570
onegate_1_frame1187.jpg 0.167849 0.400198 3.996810 -2.059559 -1.991628 -0.197087
onegate_1_frame0402.jpg 1.162147 0.525832 4.785705 -2.144891 -1.976224 1.116658
onegate_2_frame0227.jpg -0.340592 -1.079075 4.090904 -1.597129 -2.054678 0.693279
onegate_2_frame1357.jpg 0.380638 -0.024817 2.131803 -2.236366 -1.894069 -0.322570
onegate_1_frame0401.jpg 1.203626 0.136417 4.163408 2.260365 2.106162 0.154965
onegate_2_frame0205.jpg 0.190186 -0.767986 4.136445 1.782385 2.146377 1.020444
onegate_2_frame0588.jpg -0.185731 0.062104 3.802850 -1.511508 -1.556416 0.897664
onegate_2_frame1395.jpg 0.371255 0.165815 2.837302 1.921276 2.268789 0.242974
onegate_1_frame0342.jpg -0.527399 -0.596842 4.148235 -1.794806 -1.936979 0.626505
onegate_1_frame0908.jpg -0.089998 0.131845 2.276429 -2.006280 -1.945558 -0.244442
onegate_2_frame0648.jpg -0.208891 -0.196227 2.832106 -1.829957 -1.680345 0.478626
onegate_2_frame0763.jpg -0.155915 -0.402478 2.533906 -2.235501 -1.776515 -0.119575
onegate_1_frame0838.jpg -0.603392 0.434948 3.562055 1.460271 1.400726 0.594662
onegate_1_frame0913.jpg -0.134666 0.094352 2.409840 -2.035294 -1.893620 -0.284961
onegate_1_frame0989.jpg -0.001456 0.115008 2.900884 -1.995317 -1.642784 0.606039
onegate_2_frame0611.jpg -0.007557 -0.554837 2.921675 -1.349061 -1.679768 1.009616
onegate_2_frame1383.jpg 0.330593 -0.172194 2.841723 2.300228 1.976453 0.333003
onegate_1_frame0706.jpg 0.072825 -0.452558 3.595445 1.966421 1.927417 0.610743
onegate_1_frame0925.jpg -0.276923 0.033672 2.060551 -1.943122 -1.905320 -0.177669
onegate_1_frame0090.jpg 0.210231 -0.676503 4.601300 2.336884 2.007780 -0.548606
onegate_2_frame0200.jpg 0.337640 1.397834 5.804998 1.594102 1.920305 -1.135699
onegate_2_frame0130.jpg 0.276570 -0.396478 3.442379 -2.037451 -2.144981 -0.260811
onegate_1_frame0046.jpg -0.149472 0.357393 3.862855 1.608268 1.723093 -0.517607
onegate_1_frame0071.jpg 0.046308 -0.879929 4.538861 -2.195706 -2.131177 0.310996
onegate_1_frame0813.jpg 0.055906 -0.327891 3.559256 1.233949 1.564934 0.422217
onegate_2_frame1371.jpg 0.559486 0.372453 2.981017 -2.231624 -1.953639 -0.339618
onegate_1_frame0946.jpg 0.118858 -0.210134 2.541910 -2.148654 -2.101000 0.241540
onegate_1_frame0600.jpg 0.157562 -0.170312 3.604188 1.862667 1.981523 -0.523254
onegate_1_frame0074.jpg 0.087844 -0.437165 4.208137 -1.991881 -1.995114 -0.266146
onegate_2_frame0758.jpg 0.290237 0.095053 2.360573 -2.057424 -1.839253 -0.256241
onegate_2_frame0936.jpg 0.702804 -0.018299 3.316284 1.804473 1.753955 0.967217
onegate_1_frame1146.jpg -0.476240 -0.155612 2.403605 -1.975019 -1.963280 -0.079834
onegate_1_frame0608.jpg 0.073325 0.161224 3.022226 -2.043589 -2.000531 -0.215376
onegate_1_frame0647.jpg -0.544615 -0.231683 3.460631 -1.975724 -2.053019 0.187115
onegate_2_frame0751.jpg 0.026195 0.360721 2.894892 -1.981084 -1.831978 -0.140098
onegate_2_frame0804.jpg 0.125290 0.103177 3.032524 -2.120128 -2.058069 -0.358203
onegate_2_frame0726.jpg 0.387985 0.143865 2.561441 -2.107397 -1.856039 -0.184143
onegate_1_frame0494.jpg -0.649358 0.160492 3.643646 -1.795882 -1.786588 0.824757
onegate_1_frame0421.jpg -0.802037 0.574913 4.482695 -2.001224 -1.826167 0.495128
onegate_1_frame1170.jpg 0.085594 -0.119948 2.866263 -2.017927 -2.023120 -0.204846
onegate_2_frame0092.jpg 0.043505 -0.524036 3.277596 1.972230 1.846178 -0.356289
onegate_2_frame0312.jpg 0.463596 -0.568520 3.308560 -1.334376 -1.761130 1.429330
onegate_1_frame0634.jpg -0.057770 0.221959 3.184335 -2.179786 -1.854207 -0.176495
onegate_1_frame1154.jpg -0.526002 -0.222039 2.432598 -2.016638 -1.975073 -0.094079
onegate_1_frame0440.jpg 0.158627 -0.731713 3.383123 -1.872689 -1.641485 1.149793
onegate_2_frame0335.jpg 0.079106 -0.550481 3.368139 -1.362849 -1.554123 1.337430
onegate_2_frame0236.jpg -0.199953 -0.640397 4.396111 -1.594862 -1.962706 0.718691
onegate_2_frame0649.jpg -0.111900 -0.095850 2.949493 -1.815765 -1.709517 0.523975
onegate_2_frame0896.jpg -0.139379 -0.643099 3.383552 1.398572 1.687255 0.570514
onegate_1_frame1141.jpg -0.219769 -0.291022 2.387737 -2.043434 -1.984675 -0.054097
onegate_1_frame0217.jpg 0.041354 -1.089949 4.409115 -2.005265 -2.134255 0.326742
onegate_1_frame0462.jpg 0.668942 -0.200045 3.596770 -1.676166 -1.668160 0.968111
onegate_2_frame0874.jpg 0.011803 -0.012496 3.538158 1.888950 1.797598 0.503991
onegate_1_frame0644.jpg -0.355500 -0.185813 3.401251 -2.096922 -1.948436 0.087221
onegate_2_frame0213.jpg 0.161346 -1.334797 3.978807 -1.708980 -2.014467 0.922562
onegate_1_frame0495.jpg -0.557019 0.031116 3.624249 -1.709944 -1.859840 0.820977
onegate_2_frame0086.jpg 0.203521 0.515856 3.052639 -2.026632 -1.860732 -0.182101
onegate_1_frame0321.jpg -0.087465 -0.803229 3.941107 -1.744484 -1.815832 0.482038
onegate_2_frame0876.jpg -0.199578 -0.124755 3.436890 1.696153 1.731195 0.562472
onegate_1_frame0231.jpg 0.160089 0.092251 5.122944 1.705729 1.845076 -0.378282
onegate_2_frame0863.jpg 0.462523 0.435994 4.149248 2.274858 1.790509 -1.189116
onegate_1_frame0010.jpg -0.035855 -0.653864 2.883542 -2.016949 -2.119834 -0.090964
onegate_1_frame0246.jpg 0.118700 -1.153662 4.152347 -1.883857 -1.987619 0.264853
onegate_2_frame0310.jpg 0.318582 -0.478775 3.687551 -1.418569 -1.776313 1.414737
onegate_1_frame0827.jpg -0.523359 -0.069590 3.161916 1.484639 1.322220 0.650846
onegate_2_frame0756.jpg 0.278832 0.304758 3.416351 1.631930 1.765159 -0.798669
onegate_1_frame0366.jpg -0.840282 -0.325652 4.189242 -1.920651 -1.809084 0.541997
onegate_2_frame0753.jpg 0.171316 0.309971 2.749878 -2.015731 -1.814756 -0.167364
onegate_2_frame0128.jpg 0.048974 -0.794287 3.603091 -2.091467 -2.125590 0.520936
onegate_1_frame0351.jpg 0.300069 -0.248615 4.644424 -2.081061 -1.894246 0.987426
onegate_2_frame0788.jpg -0.072113 -0.525652 2.499075 -2.109718 -1.975125 -0.113856
onegate_1_frame0385.jpg -0.925435 -0.327704 4.180350 -2.001065 -1.796941 0.492252
onegate_1_frame0522.jpg -0.690022 -0.152509 3.272408 -1.924878 -1.913529 0.449644
onegate_2_frame0976.jpg -0.463640 -0.258812 3.168806 1.407746 1.176385 1.000010
onegate_1_frame0650.jpg 0.203318 -0.223287 3.433874 -1.990107 -2.127650 0.109043
onegate_2_frame0233.jpg -0.427713 -0.534941 4.415041 -1.681489 -1.861955 0.679011
onegate_1_frame0076.jpg -0.071753 -1.011098 4.550592 -2.114929 -2.107821 0.123689
onegate_1_frame0362.jpg -0.185058 -1.083121 3.800060 -1.827456 -1.783215 0.765200
onegate_1_frame0300.jpg -0.372952 -1.271345 3.707257 -1.736800 -1.851581 0.487672
onegate_1_frame0498.jpg 0.258585 0.069439 3.475467 -1.643782 -1.620181 1.207113
onegate_1_frame0045.jpg -0.058656 0.347637 3.146001 -1.978967 -2.001368 -0.197743
onegate_1_frame0740.jpg 0.091640 -0.508262 3.730179 1.295561 1.681901 0.617079
onegate_2_frame0076.jpg 0.136486 -0.290517 3.453908 1.920127 1.913116 -0.495118
onegate_1_frame1053.jpg -0.221267 -0.029407 1.929541 -2.013906 -1.845771 0.012998
onegate_1_frame0145.jpg 0.787363 -0.535067 4.486158 -2.080941 -2.178104 0.760980
onegate_2_frame0998.jpg 0.575285 0.179801 3.411752 1.652163 1.437416 0.808078
onegate_1_frame0047.jpg -0.044468 0.199547 3.062164 -1.944261 -2.009333 -0.185567
onegate_1_frame0746.jpg 0.025916 -0.482205 3.840541 1.266557 1.657503 0.626065
onegate_1_frame0007.jpg 0.033333 -0.909671 3.061404 2.157536 2.212804 -0.298025
onegate_2_frame0864.jpg 0.619346 0.232589 3.355880 2.353180 1.937548 0.456735
onegate_2_frame0071.jpg -0.023145 -0.351201 2.923573 -2.075032 -2.086489 -0.230641
onegate_1_frame0130.jpg -0.157433 -0.083931 4.193794 -1.803707 -2.185685 -0.143468
onegate_1_frame0531.jpg -0.580241 -0.247440 3.210108 -1.850231 -2.011127 0.337998
onegate_2_frame0129.jpg 0.183809 -0.696895 3.597785 -2.121808 -2.077097 0.265147
onegate_1_frame0983.jpg -0.792501 -0.054396 2.574431 -1.923984 -1.797778 0.379860
onegate_2_frame0853.jpg 0.190527 -0.572344 3.031639 2.184605 1.808475 0.375230
onegate_2_frame0586.jpg -0.148279 -0.308043 3.462290 -1.419512 -1.581174 0.941346
onegate_2_frame0249.jpg -0.581117 0.220175 5.053084 -1.779377 -2.074571 1.062312
onegate_1_frame0724.jpg -0.299170 0.551936 4.260740 1.399130 1.827212 0.493800
onegate_1_frame0726.jpg -0.527428 0.449078 4.117670 -1.862966 -1.802419 0.875701
onegate_2_frame0653.jpg -0.212438 0.393828 3.212491 -1.819044 -1.752297 0.330025
onegate_1_frame1207.jpg -0.043097 -0.272198 4.242884 -1.997833 -2.108315 -0.200818
onegate_1_frame0096.jpg -0.055674 -0.806198 4.267466 -2.179050 -2.040687 -0.272801
onegate_2_frame0935.jpg 0.623618 0.106712 3.388668 1.732081 1.722564 0.915209
onegate_1_frame0654.jpg 1.098588 -0.286287 2.557158 -2.059900 -1.924025 -0.372732
onegate_2_frame0154.jpg -0.071215 -0.855507 3.836577 -1.983726 -2.280647 0.480600
onegate_2_frame0080.jpg 0.285182 0.179898 2.895179 -1.980900 -2.007446 -0.287836
onegate_2_frame0910.jpg -0.368840 0.240219 3.759649 1.435623 1.584454 0.444765
onegate_1_frame1147.jpg -0.476864 -0.142796 2.460502 -1.999690 -1.979273 -0.046514
onegate_1_frame0860.jpg -0.555484 -0.374745 2.836639 1.667625 1.555698 0.613821
onegate_1_frame0802.jpg 0.301091 0.084586 3.749544 1.254410 1.657629 0.624102
onegate_1_frame0815.jpg 0.068931 -0.451717 3.405821 1.196487 1.590236 0.500889
onegate_2_frame0815.jpg 0.235451 -0.278478 2.760741 -2.190783 -2.075081 -0.384405
onegate_1_frame0198.jpg -0.441422 -1.141220 4.419961 1.940693 1.953261 0.641132
onegate_1_frame0906.jpg -0.052371 -0.293538 2.308051 -2.116136 -2.048305 -0.172978
onegate_1_frame0733.jpg 0.273300 0.514035 4.297707 1.448960 1.713081 0.293565
onegate_1_frame0093.jpg 0.186994 -0.682182 4.082100 -2.258915 -1.873728 -0.407322
onegate_2_frame0993.jpg 0.238484 0.558022 4.100203 1.535262 1.414508 0.975722
onegate_2_frame0284.jpg -0.452489 0.809722 4.877333 -1.629322 -1.701061 1.051712
onegate_1_frame0307.jpg -0.115482 0.034948 4.525414 -1.815526 -1.889174 0.417297
onegate_2_frame0202.jpg 0.069213 0.912278 5.379080 1.756147 2.395163 0.462496
onegate_2_frame0725.jpg 0.329614 0.282797 2.736847 -2.097354 -1.901314 -0.072747
onegate_1_frame0133.jpg -0.049371 -0.054364 4.001695 -1.969617 -1.930086 -0.057675
onegate_1_frame0034.jpg 0.045743 0.472234 3.062664 -1.960635 -1.927371 -0.297119
onegate_2_frame0206.jpg 0.294923 -0.979254 4.292185 -1.688885 -2.072105 1.036323
onegate_2_frame0267.jpg -0.450119 -0.317715 4.209616 -1.671429 -1.801823 1.040772
onegate_1_frame0058.jpg 0.199456 0.002782 4.368210 1.766376 1.940850 -0.549974
onegate_1_frame0051.jpg -0.066855 0.087978 3.326487 -2.059070 -1.973199 -0.167280
onegate_1_frame0539.jpg -0.704769 -0.068188 3.161033 -1.866830 -1.894239 0.229731
onegate_1_frame0669.jpg -0.448824 -0.796870 3.584875 1.665306 1.786965 0.403478
onegate_1_frame0455.jpg 0.436985 0.219220 3.938622 -1.815113 -1.691333 0.969555
onegate_2_frame0300.jpg 0.012153 0.202533 4.435397 -1.495976 -1.760775 1.256516
onegate_1_frame0019.jpg -0.158408 -0.538760 3.099417 -2.203162 -2.138411 0.090286
onegate_2_frame0173.jpg 0.065252 0.127050 4.866040 1.993467 2.225253 -0.696010
onegate_1_frame0930.jpg 0.008414 -0.001325 2.809917 1.580265 1.810321 -0.649303
onegate_1_frame0941.jpg -0.014957 -0.514009 2.287728 -1.938583 -2.308908 0.103243
onegate_1_frame0416.jpg -1.475180 0.178614 4.322206 1.269381 1.337682 0.549637
onegate_1_frame0408.jpg 1.697632 0.978701 4.924316 1.982429 1.903429 -1.262165
onegate_1_frame0551.jpg -0.954199 0.425403 3.315109 -1.901149 -1.832506 0.101180
onegate_1_frame1167.jpg 0.100432 -0.426099 2.537173 -2.074628 -2.122961 -0.166026
onegate_2_frame0252.jpg 0.263532 0.204861 4.662398 -1.516987 -2.033729 1.410028
onegate_2_frame1000.jpg 0.476764 -0.142138 2.932468 1.699676 1.394816 0.810156
onegate_1_frame0092.jpg 0.010170 -1.101427 4.233104 -2.396851 -1.961410 0.357895
onegate_1_frame0991.jpg -0.026640 -0.099101 2.765587 -1.923082 -1.702239 0.681951
onegate_1_frame0648.jpg -0.253589 -0.513669 3.598087 2.018264 2.267105 0.021140
onegate_2_frame0817.jpg 0.364619 -0.317885 2.533715 -2.194775 -2.104299 -0.517936
onegate_1_frame0521.jpg -0.833468 0.116109 3.444556 -1.972439 -1.909601 0.424664
onegate_2_frame1003.jpg 0.349689 -0.092094 2.844210 1.689804 1.430109 0.737828
onegate_1_frame0265.jpg 0.012891 -0.699759 4.795898 -1.938175 -2.004782 0.451158
onegate_1_frame0916.jpg -0.152559 0.105141 2.458771 -2.055228 -1.896024 -0.229105
onegate_1_frame0018.jpg 0.118586 -0.539672 2.796243 -2.094642 -2.134234 -0.268175
onegate_1_frame0534.jpg -0.659548 0.051442 3.399798 -2.026183 -1.864301 0.272964
onegate_1_frame0056.jpg 0.115079 -0.346178 3.588803 -1.979145 -2.131390 -0.163441
onegate_2_frame1005.jpg 0.257790 -0.009045 2.619838 1.596553 1.515526 0.759407
onegate_2_frame0295.jpg -0.077765 0.958762 5.105852 -1.616973 -1.730307 1.196888
onegate_2_frame0152.jpg 0.038772 -0.675968 3.366274 2.049107 2.234159 0.763530
onegate_2_frame0278.jpg -0.218793 0.104693 4.274882 -1.616114 -1.650510 1.108739
onegate_2_frame0576.jpg -0.112694 0.251386 3.859494 -1.636258 -1.434567 1.102474
onegate_2_frame0711.jpg 0.112814 -0.940185 3.021175 -2.029924 -1.906909 0.829626
onegate_2_frame0978.jpg -0.053888 -0.209758 3.331384 1.494042 1.328809 0.925037
onegate_1_frame1135.jpg -0.128819 -0.088443 1.859057 -2.022986 -1.903100 -0.215507
onegate_2_frame0677.jpg -0.168105 -0.031865 2.954294 -1.993009 -1.802632 0.272743
onegate_2_frame0574.jpg -0.097645 -0.065223 3.593726 -1.598124 -1.395216 1.082815
onegate_1_frame0424.jpg -0.159912 -0.234696 3.829442 -1.898727 -1.717232 0.689788
onegate_1_frame0490.jpg -0.619931 0.335374 3.906514 -1.814927 -1.718804 0.642577
onegate_2_frame1391.jpg 0.405109 -0.009575 2.702586 1.927991 2.200149 0.419513
onegate_2_frame1354.jpg 0.228060 -0.074989 1.821365 -2.255118 -1.830271 -0.272367
onegate_1_frame0883.jpg -0.154892 -0.676096 2.697624 1.742951 1.792832 0.149728
onegate_1_frame0306.jpg -0.036143 -0.101441 4.453342 -1.781137 -1.951771 0.412701
onegate_2_frame0134.jpg 0.307901 0.941481 4.644364 1.531913 1.753046 -0.845058
onegate_1_frame0663.jpg -0.942156 -0.721781 3.132942 -1.900849 -1.911977 0.116383
onegate_1_frame0810.jpg -0.026838 -0.270244 3.515692 1.242228 1.520573 0.467888
onegate_1_frame0377.jpg 0.828462 -0.344941 4.047860 -1.825092 -1.789022 1.003170
onegate_1_frame0781.jpg -0.170060 0.726724 4.327603 1.452606 1.281558 0.839702
onegate_2_frame0852.jpg 0.234321 -0.748538 2.782845 2.101878 1.868101 0.552814
onegate_2_frame1379.jpg 0.436978 0.207354 3.244000 2.382801 2.014567 0.160594
onegate_2_frame0803.jpg 0.155207 -0.301395 2.785018 -2.162122 -2.052875 -0.489019
onegate_1_frame0197.jpg -0.273249 -1.332809 3.974036 1.993507 1.980469 0.882256
onegate_1_frame0809.jpg -0.032546 -0.276669 3.422919 1.298873 1.458623 0.418272
onegate_2_frame0597.jpg -0.049337 0.288021 3.507890 -1.489014 -1.516684 0.777508
onegate_1_frame1081.jpg 0.685989 -0.208269 2.093831 -1.981937 -2.009063 -0.400135
onegate_1_frame0976.jpg 0.073656 -0.287003 2.711253 -1.998152 -2.011809 0.674522
onegate_2_frame0239.jpg -0.269136 -0.823789 4.123362 -1.606431 -1.922829 0.740884
onegate_2_frame1367.jpg 0.598766 0.156624 2.976891 -2.278001 -1.973239 -0.273036
onegate_1_frame0075.jpg -0.092211 -0.562045 4.929577 2.041630 1.957718 -0.165360
onegate_2_frame0248.jpg -0.879333 0.345418 5.255618 -1.833526 -2.175790 0.993509
onegate_2_frame0814.jpg 0.280953 -0.263634 2.802335 -2.162455 -2.086934 -0.393600
onegate_2_frame0659.jpg -0.144443 0.374187 3.254727 -1.777008 -1.787759 0.309649
onegate_1_frame0692.jpg 0.343683 -0.125526 3.652270 2.084078 2.008361 0.130574
onegate_1_frame0303.jpg 0.085879 -1.049063 3.775916 1.828090 1.870060 0.735935
onegate_1_frame0137.jpg -0.103562 -0.351317 4.097905 -2.214691 -1.759133 -0.067450
onegate_1_frame0032.jpg 0.120179 0.546963 3.802200 1.573323 1.644681 -0.936365
onegate_2_frame0263.jpg -0.078754 -0.888757 3.828940 -1.638502 -1.801233 1.220466
onegate_2_frame1376.jpg 0.254123 0.388999 3.460410 -2.334135 -2.086188 -0.182635
onegate_2_frame1390.jpg 0.434987 -0.063834 2.665180 1.990190 2.241294 0.412545
onegate_1_frame1184.jpg 0.081850 0.548627 4.699995 1.663918 1.742990 -0.629062
onegate_1_frame0907.jpg -0.108723 -0.024212 2.301118 -2.001867 -1.976674 -0.184375
onegate_2_frame0834.jpg -0.318224 -0.730847 3.303369 1.603128 1.765658 0.409857
onegate_1_frame0738.jpg 0.024677 -0.486987 3.699684 1.375030 1.648388 0.620208
onegate_1_frame0049.jpg -0.037840 0.337595 3.179648 -1.882449 -2.063805 -0.189794
onegate_1_frame0668.jpg -0.440369 -0.686802 3.267557 -1.820158 -1.965908 0.169516
onegate_1_frame0786.jpg -0.171282 -0.140177 3.553607 1.435954 1.309887 0.941943
onegate_2_frame0981.jpg -0.006678 -0.280061 3.155115 1.561845 1.288968 1.024635
onegate_1_frame0932.jpg -0.057186 -0.401825 2.136226 -1.929029 -2.050001 -0.023640
onegate_1_frame0470.jpg 0.598527 0.633761 4.261948 -1.820883 -1.758149 0.788986
onegate_1_frame0739.jpg 0.085890 -0.542518 3.617787 1.320162 1.667264 0.600496
onegate_2_frame0264.jpg -0.118441 -0.770886 3.856956 -1.573487 -1.864482 1.147496
onegate_1_frame0109.jpg -0.069848 0.518978 4.395026 -2.027799 -1.882926 -0.147562
onegate_1_frame0110.jpg -0.088837 0.540193 4.521908 -2.009181 -1.950476 -0.139264
onegate_1_frame0323.jpg 0.004361 -0.297548 4.445044 1.703092 1.827490 0.323763
onegate_1_frame0243.jpg 0.052043 -0.477279 4.563743 -1.881919 -2.092207 0.005597
onegate_2_frame0272.jpg -0.216485 0.938640 5.256862 -1.730159 -1.792903 1.273530
onegate_1_frame0986.jpg -0.216285 0.020748 2.769765 -1.978841 -1.796617 0.536517
onegate_1_frame0443.jpg 0.144303 -0.390435 3.544894 -1.878341 -1.683145 1.059738
onegate_1_frame0023.jpg 0.064750 -0.276259 2.853601 -2.031810 -1.985606 -0.214585
onegate_1_frame0473.jpg 0.494152 -0.249303 3.598776 -1.636528 -1.719073 0.882713
onegate_1_frame0050.jpg -0.073912 0.452512 4.080271 1.647846 1.754062 -0.595809
onegate_2_frame0983.jpg 0.011521 -0.355305 3.126145 1.625871 1.230068 1.102535
onegate_1_frame0112.jpg 0.040091 0.557692 4.303615 -2.027203 -1.889767 -0.242206
onegate_2_frame0765.jpg 0.426460 -0.198930 2.344578 -2.037578 -1.933391 -0.396920
onegate_2_frame0917.jpg -0.121384 0.300713 3.961692 1.717092 1.715593 0.683853
onegate_1_frame1009.jpg -0.228041 0.244990 2.965178 -1.707445 -1.669369 0.751341
onegate_1_frame0466.jpg 0.553217 0.657428 4.253057 -1.824072 -1.718565 0.817907
onegate_2_frame0669.jpg 0.078691 0.389365 3.270109 -1.965612 -1.757699 0.340694
onegate_1_frame0295.jpg 0.104261 -0.681716 4.216743 -1.839002 -1.876067 0.520470
onegate_1_frame0656.jpg 0.754650 -0.390369 3.042689 -2.089956 -2.048518 -0.254622
onegate_1_frame0365.jpg -0.801002 -0.366415 4.381705 -1.911851 -1.875048 0.491922
onegate_1_frame0808.jpg -0.124074 -0.296728 3.412817 1.305686 1.433428 0.479476
onegate_1_frame0205.jpg -0.218291 -0.482502 4.641713 -2.003466 -2.108694 -0.029159
onegate_1_frame0147.jpg 0.571599 -0.217890 4.177800 -2.014556 -2.032377 -0.286581
onegate_1_frame0835.jpg -0.661653 -0.155276 3.096279 1.489764 1.310602 0.769868
onegate_1_frame0297.jpg -0.132205 -1.135229 4.032142 -1.749074 -1.949352 0.469071
onegate_2_frame0073.jpg -0.176477 0.109733 3.016930 -2.048693 -1.953585 -0.181566
onegate_2_frame0074.jpg -0.014074 0.014439 3.538644 1.825774 1.797405 -0.597192
onegate_1_frame0471.jpg 0.604820 0.407682 4.148280 -1.768420 -1.746447 0.836785
onegate_2_frame0066.jpg -0.120193 -0.314393 2.791197 -2.031915 -1.970422 -0.172901
onegate_2_frame0577.jpg -0.241178 0.088799 3.759908 -1.617962 -1.467260 1.040219
onegate_2_frame1360.jpg 0.679611 0.183881 2.273567 -2.182082 -1.886892 -0.369028
onegate_2_frame0070.jpg -0.141848 -0.530489 3.221303 1.933227 1.919467 0.006613
onegate_2_frame1373.jpg 0.665494 0.323064 3.134807 -2.263565 -2.022315 -0.271192
onegate_1_frame0631.jpg 0.167539 0.428003 2.942320 -2.078269 -1.863651 -0.283591
onegate_1_frame0329.jpg -0.087722 -0.226528 4.102636 -1.856529 -1.756745 0.524190
onegate_1_frame0057.jpg 0.179650 -0.289239 4.124594 1.865655 2.069177 -0.434589
onegate_2_frame0091.jpg 0.011948 -0.361458 3.058074 -2.048006 -1.995617 -0.158394
onegate_2_frame0590.jpg -0.043385 0.518967 3.952567 -1.571461 -1.474138 0.853170
onegate_1_frame0682.jpg -0.191071 -0.536452 3.385930 -1.713157 -1.995600 0.181690
onegate_1_frame0202.jpg -0.345417 -0.293837 4.748001 -2.083778 -2.001577 0.088050
onegate_1_frame0785.jpg -0.055325 0.036089 3.526786 1.457352 1.329680 0.923184
onegate_2_frame0276.jpg -0.391637 0.434781 4.674338 -1.633346 -1.810778 1.174298
onegate_2_frame0766.jpg 0.386057 -0.631141 2.197841 -2.045613 -1.875218 -0.368727
onegate_2_frame0219.jpg -0.330412 -0.723245 4.528984 -1.696852 -2.003864 0.879297
onegate_1_frame0481.jpg -0.805955 0.395854 3.854213 -1.823777 -1.710208 0.546087
onegate_2_frame0573.jpg -0.257291 -0.302342 3.447115 -1.594163 -1.434121 1.002499
onegate_1_frame1153.jpg -0.570977 -0.249979 2.433989 -1.997171 -1.961384 -0.011288
onegate_1_frame0735.jpg 0.075005 0.063160 3.997432 1.390559 1.693722 0.486804
onegate_1_frame0155.jpg 0.202993 -0.566067 4.765140 1.979563 2.362913 -0.531843
onegate_1_frame0293.jpg 0.521597 -0.461195 4.661443 -1.921269 -1.921552 0.771883
onegate_2_frame0798.jpg -0.123466 -0.512488 2.878949 2.289135 2.078230 0.281266
onegate_2_frame0947.jpg 0.448055 -0.544694 2.853539 1.735611 1.564615 0.966395
onegate_1_frame0571.jpg -0.241177 -0.179197 3.574448 -2.069841 -1.968888 0.248547
onegate_2_frame0777.jpg -0.201102 -0.898558 3.097962 2.197158 2.155363 -0.064457
onegate_1_frame0410.jpg 1.330761 -0.066308 4.247519 -1.891744 -1.790089 1.118169
onegate_1_frame1088.jpg -0.350799 0.059254 2.211102 -1.972796 -1.965103 -0.076635
onegate_1_frame0152.jpg 0.178580 -0.668280 4.310893 2.271004 2.071319 0.348382
onegate_1_frame0234.jpg 0.286793 0.238914 5.320799 1.739178 1.865462 -0.549305
onegate_1_frame0926.jpg -0.137709 -0.041364 2.078426 -1.933543 -1.956052 -0.178329
onegate_1_frame0520.jpg -1.043716 0.355194 3.491135 -1.962976 -1.918922 0.392674
onegate_1_frame0826.jpg -0.574444 -0.144269 3.210042 1.438794 1.421979 0.706651
onegate_2_frame0933.jpg 0.667242 0.426364 3.550261 1.781880 1.739504 0.923051
onegate_2_frame0970.jpg 0.000810 -0.498023 3.301360 1.423834 1.490789 0.850839
onegate_1_frame0693.jpg 0.317662 -0.147493 3.676201 2.081514 1.936327 0.058784
onegate_1_frame0743.jpg 0.162348 -0.413530 3.817014 1.301020 1.686230 0.518236
onegate_2_frame0228.jpg -0.442172 -0.869436 3.972503 -1.579529 -1.868651 0.708977
onegate_2_frame0934.jpg 0.792218 0.397046 4.112769 -1.742477 -1.394093 1.677769
onegate_2_frame0797.jpg 0.049945 -0.555225 2.795052 2.153319 2.189638 0.380453
onegate_2_frame0072.jpg -0.152014 -0.185412 3.515619 1.867472 1.824572 -0.343786
onegate_2_frame0304.jpg -0.199764 -0.117565 4.222899 -1.491536 -1.817619 1.292799
onegate_1_frame1149.jpg -0.516916 -0.122898 2.468612 -2.034041 -1.942820 -0.039862
onegate_1_frame0235.jpg 0.186138 0.058452 5.174340 1.771802 1.910235 -0.330216
onegate_2_frame0174.jpg 0.022898 -0.429528 4.477386 -2.094085 -2.175348 0.351752
onegate_1_frame0846.jpg 0.878909 0.093816 2.797269 1.965719 2.009393 0.646852
onegate_2_frame0283.jpg -0.313667 0.626041 4.726596 -1.615064 -1.731453 1.085551
onegate_1_frame0131.jpg -0.200407 -0.018297 4.466542 1.693945 1.699702 -0.354654
onegate_2_frame0243.jpg -0.413562 -0.113979 4.872539 -1.721198 -1.973797 0.828867
onegate_2_frame1353.jpg 0.128064 -0.106278 1.754501 -2.249623 -1.812028 -0.265548
onegate_1_frame1213.jpg -0.004125 -0.079006 3.802259 -2.043553 -2.067339 -0.116315
onegate_2_frame0676.jpg -0.157447 0.374496 3.107211 -1.993213 -1.812461 0.240632
onegate_1_frame1078.jpg 0.881869 0.046587 2.010868 -1.972337 -1.980947 -0.463245
onegate_1_frame0390.jpg -0.145555 -0.018053 4.314266 -2.022928 -1.705187 0.609066
onegate_1_frame0238.jpg 0.032516 -0.375954 4.967112 1.851133 1.981930 -0.136682
onegate_1_frame0012.jpg -0.183953 -0.413948 2.906164 -1.948478 -2.107910 -0.127034
onegate_2_frame0742.jpg 0.009081 0.261899 2.762648 -1.984032 -1.841299 -0.168016
onegate_1_frame0446.jpg -0.392191 0.015896 3.720426 -1.949557 -1.733872 0.742453
onegate_2_frame0795.jpg 0.083071 -0.205385 2.779189 -2.061359 -2.120596 -0.154115
onegate_1_frame0914.jpg -0.065328 -0.099572 2.361630 -2.064191 -1.950938 -0.369633
onegate_1_frame0233.jpg 0.350068 0.180148 5.238254 1.827890 1.936283 -0.496162
onegate_1_frame0340.jpg -0.226818 -0.389658 4.127923 1.659823 1.730955 0.531093
onegate_2_frame0133.jpg 0.404678 0.254219 3.614292 -1.920391 -2.078672 -0.209487
onegate_1_frame1152.jpg -0.600922 -0.225974 2.406746 -1.991368 -1.966487 -0.048208
onegate_2_frame0077.jpg 0.266119 -0.107637 3.545707 1.880618 1.884571 -0.693748
onegate_1_frame0426.jpg 0.345223 -0.720715 3.436840 -1.794883 -1.667021 0.922062
onegate_1_frame0788.jpg -0.182894 -0.399417 3.219651 1.446336 1.323976 1.051078
onegate_1_frame0394.jpg -0.284100 -0.151027 4.142983 -1.960834 -1.717111 0.617717
onegate_1_frame0200.jpg -0.529188 -0.697187 4.576937 -2.021202 -2.007923 0.248939
onegate_2_frame0201.jpg 0.249415 1.077027 5.393895 1.901523 2.370347 0.356284
onegate_2_frame0598.jpg -0.068102 -0.015131 3.324798 -1.465778 -1.517882 0.791216
onegate_2_frame1393.jpg 0.279303 0.041387 2.869418 1.941611 2.179799 0.239030
onegate_1_frame0236.jpg 0.015249 -0.185931 4.678969 -1.935453 -2.053938 -0.090804
onegate_1_frame0209.jpg 0.174454 -0.227238 5.004549 2.017572 1.935147 -0.454922
onegate_2_frame0245.jpg -0.574989 0.102365 5.048633 -1.740761 -2.134410 1.038741
onegate_2_frame0237.jpg -0.256534 -0.820155 4.104464 -1.621150 -1.893853 0.680805
onegate_2_frame0821.jpg 0.113577 -0.519180 2.981636 1.966622 2.064517 0.462967
onegate_1_frame0765.jpg -0.537489 -0.313603 3.384918 1.259914 1.308175 1.013546
onegate_1_frame0805.jpg 0.307565 -0.118936 3.484942 1.316499 1.612165 0.580948
onegate_1_frame0931.jpg -0.032592 -0.253699 2.126914 -1.890439 -2.028803 -0.079506
onegate_1_frame0653.jpg 1.139870 -0.285841 2.508407 -2.034442 -1.935957 -0.389091
onegate_2_frame0183.jpg 0.276373 -0.126264 4.708899 1.917039 2.104592 0.372223
onegate_2_frame0733.jpg 0.146633 0.214355 2.618812 -2.101723 -1.796876 -0.124714
onegate_1_frame0497.jpg -0.108918 0.300450 3.717096 -1.690868 -1.750060 1.113189
onegate_1_frame0885.jpg -0.089097 -0.518780 2.732293 1.781956 1.819802 0.059717
onegate_2_frame0752.jpg 0.106592 0.392348 2.818073 -1.953735 -1.870000 -0.195590
onegate_1_frame1186.jpg 0.109028 -0.012117 3.975525 -2.049827 -2.064127 -0.217451
onegate_1_frame0150.jpg -0.065581 0.406914 4.540829 -2.049104 -1.974144 -0.178539
onegate_1_frame0008.jpg -0.052417 -0.887252 2.963492 -2.118234 -2.172191 0.112444
onegate_2_frame0079.jpg 0.273065 0.107104 2.943968 -1.964389 -2.033118 -0.225259
onegate_2_frame0670.jpg 0.007238 -0.038709 2.994151 -1.906871 -1.749574 0.324896
onegate_2_frame0268.jpg -0.338465 0.019241 4.501108 -1.678625 -1.820600 1.153784
onegate_1_frame0635.jpg -0.113879 0.051508 3.309850 -2.247109 -1.844055 -0.117648
onegate_1_frame0135.jpg 0.050300 -0.331267 4.575730 1.826345 2.104102 -0.280320
onegate_2_frame0826.jpg 0.302401 -0.282431 3.165407 1.998916 2.103759 0.231178
onegate_1_frame0078.jpg -0.014959 -1.546482 4.077804 -1.978020 -2.051508 0.379535
onegate_1_frame0283.jpg 0.287962 -1.060119 4.359381 -1.903491 -2.009773 0.753847
onegate_1_frame0602.jpg 0.008698 0.110259 3.053217 -2.042299 -2.012636 -0.171180
onegate_1_frame0535.jpg -0.542384 -0.027769 3.246125 -2.009705 -1.815215 0.285125
onegate_1_frame0143.jpg 0.030289 -0.480403 4.359438 -1.939148 -2.038795 0.021099
onegate_1_frame0237.jpg -0.056320 -0.199999 4.613983 -1.916486 -2.070265 -0.074507
onegate_1_frame0082.jpg -0.229345 -0.552187 4.847429 2.030810 1.963323 -0.019707
onegate_2_frame1377.jpg 0.263402 0.342106 3.496348 -2.348095 -2.069224 -0.067547
onegate_1_frame0899.jpg -0.006919 -0.411483 2.181534 -2.132049 -1.990731 -0.048060
onegate_1_frame0095.jpg 0.194148 -0.921610 3.944266 -2.111929 -2.017959 -0.196389
onegate_2_frame0123.jpg -0.120779 -0.910957 3.426852 -1.917159 -2.120930 0.255285
onegate_1_frame0572.jpg -0.134189 -0.214411 3.545075 -1.972954 -2.023451 0.237049
onegate_2_frame0918.jpg 0.157117 -0.160533 3.440871 1.765151 1.742955 0.862195
onegate_1_frame0742.jpg 0.106320 -0.481379 3.738225 1.311614 1.665650 0.564298
onegate_1_frame0864.jpg 0.031329 -0.187399 3.031525 2.008093 1.803918 0.231252
onegate_1_frame0025.jpg 0.016985 -0.108648 2.930805 -2.018252 -1.986194 -0.240008
onegate_2_frame1382.jpg 0.243266 0.049784 3.146561 2.258353 1.970129 0.181685
onegate_1_frame0560.jpg 0.913459 -0.551012 3.009360 -1.800982 -1.969792 0.980102
onegate_1_frame0831.jpg -0.746896 0.363354 3.449510 1.420064 1.222537 0.513125
onegate_1_frame0081.jpg -0.133970 -0.798243 4.484405 -2.127800 -2.110294 0.404629
onegate_1_frame0441.jpg 0.092567 -0.623105 3.522847 -1.892519 -1.670818 1.077502
onegate_1_frame0011.jpg -0.065502 -0.585888 2.937505 -1.999814 -2.173630 -0.103490
onegate_2_frame0855.jpg 0.141458 -0.110358 3.627958 2.029490 1.847981 0.087187
onegate_1_frame0716.jpg -0.240997 0.643074 4.480841 1.663566 1.688620 0.211970
onegate_1_frame0645.jpg -0.460144 -0.206399 3.253643 -2.028854 -1.973839 -0.066554
onegate_1_frame0343.jpg -0.351143 -0.580303 4.183291 -1.782581 -1.943632 0.637111
onegate_2_frame0271.jpg -0.081430 0.748920 4.943267 -1.684809 -1.761297 1.344738
onegate_2_frame0651.jpg -0.091932 -0.000324 3.044062 -1.777316 -1.733213 0.471863
onegate_1_frame0094.jpg 0.064010 -0.937590 4.094454 -2.311354 -2.044173 -0.438102
onegate_2_frame0584.jpg -0.210599 -0.624901 3.162086 -1.322852 -1.655364 0.958520
onegate_1_frame0138.jpg -0.172367 -0.553699 4.172843 -2.046057 -1.896226 0.153176
onegate_2_frame0816.jpg 0.315573 -0.336221 2.607830 -2.181954 -2.071406 -0.454363
onegate_1_frame0287.jpg -0.416743 -1.181559 4.200802 -1.868636 -1.883899 0.395025
onegate_2_frame0713.jpg 0.117747 -0.939420 3.069842 -2.061213 -1.945639 0.852436
onegate_2_frame1385.jpg 0.259755 0.133463 3.082343 2.154095 2.122249 0.221960
onegate_1_frame1221.jpg 0.102411 -0.174177 3.051749 -2.010467 -2.085483 -0.208394
onegate_2_frame0731.jpg 0.016679 0.247297 2.620570 -2.161241 -1.708772 -0.127602
onegate_1_frame0219.jpg -0.048665 -0.838187 4.403747 -1.950073 -2.042748 0.280149
onegate_1_frame0661.jpg -1.038472 -0.678565 3.173566 -1.886852 -1.961117 0.178279
onegate_1_frame0084.jpg -0.137633 -0.192133 4.183619 -1.996303 -1.952409 -0.148091
onegate_2_frame0229.jpg -0.576971 -0.638653 4.164640 -1.604195 -1.812453 0.658725
onegate_1_frame0513.jpg -0.104854 -0.309899 3.278499 -1.798194 -1.593391 1.038606
onegate_2_frame1394.jpg 0.252258 -0.019097 2.766716 1.896009 2.171276 0.339701
onegate_2_frame0743.jpg 0.027535 0.327224 2.768461 -1.988276 -1.837433 -0.164134
onegate_1_frame0415.jpg -1.364524 0.023284 4.140106 -1.906641 -1.775422 0.464425
onegate_1_frame0652.jpg 1.070347 -0.243926 2.628078 -2.037571 -1.945865 -0.328824
onegate_1_frame0157.jpg 0.133536 -1.211853 4.264151 -2.060443 -1.900913 0.389463
onegate_2_frame0954.jpg 0.028285 -0.212934 3.295848 1.231308 1.610693 0.860654
onegate_1_frame0553.jpg -0.592846 0.235079 3.357251 -1.914244 -1.865896 0.147366
onegate_1_frame0204.jpg -0.256934 -0.316434 4.741030 -2.095002 -2.011572 0.085742
onegate_2_frame0916.jpg -0.116085 0.265602 3.807889 1.621365 1.706827 0.668395
onegate_1_frame0013.jpg -0.064775 -0.647123 3.152666 1.911778 1.978220 0.059711
onegate_2_frame0889.jpg -0.243643 -0.503016 3.019558 -1.642412 -1.745888 0.626800
onegate_1_frame0382.jpg 1.011384 -0.193674 4.179860 -1.892622 -1.858526 1.091573
onegate_2_frame0919.jpg 0.212819 -0.157592 3.349833 1.766173 1.761663 0.903340
onegate_1_frame0240.jpg 0.110496 -0.496811 4.737831 1.828315 1.991432 0.006488
onegate_1_frame0905.jpg 0.057286 -0.395431 2.112671 -2.078854 -1.984052 -0.284833
onegate_1_frame0126.jpg -0.202227 0.754288 5.207931 1.585913 1.665508 -0.501260
onegate_2_frame0186.jpg 0.182834 1.033257 5.732704 1.772574 1.908346 -0.602201
onegate_1_frame1217.jpg -0.014425 -0.278575 3.495031 -2.062189 -2.091135 -0.114178
onegate_2_frame0184.jpg 0.251858 0.148383 4.919337 -1.930456 -2.054761 0.455485
onegate_2_frame0710.jpg 0.122367 -0.827372 3.099535 -2.057207 -1.916132 0.932265
onegate_2_frame0856.jpg 0.003533 -0.270885 3.470576 1.963963 1.819204 0.283646
onegate_2_frame0749.jpg 0.004265 0.458147 2.957066 -1.978417 -1.843971 -0.161373
onegate_2_frame0995.jpg 0.479559 0.510948 3.887899 1.550959 1.472590 0.927716
onegate_1_frame0982.jpg -0.986601 -0.104070 2.548759 -1.865061 -1.879507 0.344523
onegate_1_frame0059.jpg 0.052761 -0.097384 3.851264 -1.983555 -2.078155 -0.150343
onegate_1_frame0718.jpg -0.471793 0.475867 4.279221 1.542146 1.627127 0.427803
onegate_1_frame1194.jpg 0.079581 -0.968008 3.641493 -2.130548 -2.179678 -0.415278
onegate_2_frame0709.jpg 0.125793 -0.747905 3.209831 -2.096840 -1.948393 0.922827
onegate_2_frame0131.jpg 0.375960 -0.286765 3.516744 -1.974434 -2.177081 -0.102866
onegate_2_frame0124.jpg -0.070758 -0.630720 3.589332 -2.060867 -2.179419 0.126043
onegate_2_frame1375.jpg 0.410824 0.363064 3.315743 -2.287783 -2.035610 -0.223093
onegate_2_frame0343.jpg 0.115043 0.501296 4.087321 -1.498562 -1.465689 1.342972
onegate_1_frame0106.jpg -0.063113 0.055266 4.854131 -2.147535 -2.094613 -0.173256
onegate_1_frame0334.jpg 0.050736 -1.016308 3.668538 -1.756809 -1.752020 0.589419
onegate_2_frame0063.jpg -0.196875 -0.814126 2.681306 -1.946355 -2.004809 -0.054783
onegate_2_frame0301.jpg -0.072162 0.106626 4.279903 -1.515459 -1.704051 1.267849
onegate_1_frame0540.jpg -0.785582 0.065567 3.248438 -1.900562 -1.882892 0.190154
onegate_2_frame0090.jpg -0.212537 -0.166714 3.094675 -1.954245 -1.976865 -0.057456
onegate_2_frame0589.jpg -0.069442 0.293399 3.820154 -1.539810 -1.505142 0.864330
onegate_2_frame0340.jpg 0.130884 0.189046 3.820604 -1.483870 -1.474532 1.395568
onegate_1_frame0585.jpg -0.290770 -0.598305 3.395438 -2.069861 -2.237981 -0.117472
onegate_1_frame1151.jpg -0.651799 -0.133321 2.511576 -2.010243 -1.958655 -0.067516
onegate_2_frame0990.jpg 0.307772 0.505315 3.953337 1.566099 1.395797 0.994794
onegate_2_frame0232.jpg -0.464062 -0.463164 4.566032 -1.705043 -1.853440 0.621141
onegate_1_frame0445.jpg -0.102584 -0.079553 3.776468 -1.940487 -1.678538 0.896008
onegate_2_frame1366.jpg 0.476477 0.126779 3.029951 -2.289948 -1.933222 -0.218485
onegate_1_frame1162.jpg 0.128501 -0.326083 2.336485 -2.053403 -2.074504 -0.264591
onegate_1_frame0294.jpg 0.174123 -0.815641 4.327720 -1.882136 -1.943561 0.616762
onegate_1_frame0403.jpg 1.149944 0.987374 5.076844 -2.182813 -1.996766 0.858570
onegate_2_frame0255.jpg 0.250161 -0.303207 4.326282 -1.590860 -1.876136 1.390514
onegate_1_frame0662.jpg -1.002593 -0.647027 3.208665 -1.855351 -1.992357 0.080441
onegate_1_frame1181.jpg 0.172358 -0.923098 3.595584 -2.103591 -2.113831 -0.451867
onegate_1_frame0247.jpg 0.161973 -1.249748 4.107405 -1.921382 -1.789968 0.445885
onegate_1_frame0605.jpg 0.198785 0.011439 2.850468 -2.146041 -1.831312 -0.211754
onegate_2_frame1400.jpg 0.892974 0.101215 2.058679 -1.994958 -2.248733 -0.500369
onegate_1_frame0603.jpg 0.090084 0.097687 2.893059 -2.069260 -1.935142 -0.255634
onegate_1_frame0734.jpg 0.239549 0.339977 4.218553 1.409618 1.719103 0.366808
onegate_2_frame1363.jpg 0.263389 0.027049 2.895592 -2.286442 -1.937258 -0.197089
onegate_1_frame0121.jpg 0.119687 0.688103 4.626059 -2.018269 -1.933034 -0.200138
onegate_1_frame0639.jpg -0.019345 -0.117374 3.250224 -2.286491 -1.974568 -0.161683
onegate_1_frame0979.jpg -0.988248 -0.234788 2.490264 -1.874373 -1.893178 0.370005
onegate_2_frame0185.jpg 0.199405 0.792223 5.829944 1.958767 2.171995 -0.285349
onegate_2_frame0311.jpg 0.627555 -0.693534 3.121067 -1.255298 -1.728620 1.427225
onegate_1_frame0252.jpg 0.035769 -1.262885 4.133644 -1.728367 -2.056237 0.360506
onegate_1_frame0708.jpg -0.066761 -0.045438 3.954303 1.967315 1.894232 0.525232
onegate_1_frame0263.jpg -0.125312 -1.159717 4.289413 -1.783533 -1.971395 0.386714
onegate_1_frame0719.jpg -0.567288 0.647211 4.494445 1.497933 1.618640 0.374684
onegate_1_frame0677.jpg -0.452745 -0.545646 3.348379 -1.737982 -1.911983 0.074700
onegate_2_frame1392.jpg 0.282890 -0.003341 2.792072 1.920976 2.184905 0.328021
onegate_2_frame0197.jpg 0.506492 1.256969 5.545721 1.575757 1.930212 -1.169579
onegate_1_frame0119.jpg 0.205604 0.327862 4.445449 -2.035827 -1.923737 -0.225796
onegate_2_frame0302.jpg -0.097935 -0.047070 4.190701 -1.502295 -1.770340 1.229960
onegate_2_frame1257.jpg -0.320958 -0.164079 2.365015 -1.649357 -1.745487 0.364343
onegate_1_frame1052.jpg -0.165841 -0.072986 2.009271 -2.038218 -1.878140 0.104540
onegate_1_frame0563.jpg 0.553308 -0.668307 3.128725 -1.931486 -1.979572 0.686032
onegate_1_frame1077.jpg 0.918535 0.129173 1.961101 -1.947636 -1.860570 -0.424307
onegate_1_frame0087.jpg -0.135011 -0.207546 4.808707 1.928997 1.828014 -0.125916
onegate_2_frame0717.jpg 0.130428 -0.561162 3.299058 -2.159845 -1.923363 0.873189
onegate_2_frame1414.jpg 1.101266 -0.354655 1.621404 -2.153880 -2.084654 -0.611343
onegate_1_frame0229.jpg 0.439416 -0.084630 4.677592 -2.030705 -2.020039 -0.062779
onegate_1_frame0387.jpg -0.458231 0.000582 4.473721 1.652216 1.635980 0.412004
onegate_1_frame0099.jpg -0.093749 -1.068462 4.153739 -2.165088 -1.993959 0.440563
onegate_1_frame0244.jpg 0.000390 -0.822471 4.536385 -1.880511 -2.112631 0.286120
onegate_1_frame0834.jpg -0.654131 0.043479 3.317056 1.481421 1.347525 0.700405
onegate_1_frame0391.jpg -0.200456 -0.036391 4.329349 1.762574 1.613140 0.189259
onegate_1_frame0730.jpg -0.029171 0.316731 4.130399 1.444452 1.599174 0.455256
onegate_1_frame0108.jpg -0.034534 0.632538 5.127462 1.690052 1.656400 -0.608498
onegate_2_frame0230.jpg -0.627852 -0.330104 4.636533 -1.740478 -1.859189 0.560271
onegate_1_frame0915.jpg -0.140827 -0.149574 2.425774 -2.077592 -1.917876 -0.279931
onegate_2_frame0379.jpg 0.341192 -0.208644 3.610186 -1.437072 -1.505126 1.482789
onegate_1_frame0479.jpg -0.714269 -0.297663 3.418196 -1.718021 -1.723227 0.616746
onegate_1_frame0886.jpg -0.075814 -0.340045 2.792224 1.773659 1.817865 -0.003540
onegate_2_frame0147.jpg 0.074032 0.581284 4.164045 -2.017690 -2.173624 -0.122366
onegate_1_frame0141.jpg -0.256911 -0.852018 4.192229 -1.890265 -2.115768 0.138914
onegate_1_frame0369.jpg -0.762999 -0.393986 4.235227 -1.862604 -1.935487 0.542627
onegate_1_frame1142.jpg -0.223811 -0.173092 2.447998 -2.031697 -1.954957 -0.072245
onegate_1_frame0773.jpg -0.138668 -0.455595 3.190116 1.472556 1.306730 1.097052
onegate_2_frame0833.jpg -0.164757 -0.538002 3.000832 -1.740387 -1.977564 0.261395
onegate_2_frame0333.jpg 0.040545 -0.586396 3.381901 -1.378626 -1.591647 1.300659
onegate_2_frame0309.jpg 0.168261 -0.277232 3.922566 -1.453163 -1.778208 1.408028
onegate_2_frame0582.jpg -0.383950 -0.586562 3.280991 -1.396758 -1.658798 0.971612
onegate_1_frame0675.jpg -0.427283 -0.708936 3.785300 1.624632 1.768793 0.296235
onegate_1_frame1080.jpg 0.777273 -0.070134 2.073231 -1.956644 -1.957520 -0.353449
onegate_2_frame1412.jpg 0.788607 0.155748 2.482357 2.119759 2.255854 0.377317
onegate_2_frame0939.jpg 0.590345 -0.393445 2.902002 1.765334 1.684090 1.034726
onegate_1_frame0564.jpg 0.373580 -0.664409 3.180188 -1.880471 -1.961867 0.668283
onegate_1_frame0679.jpg -0.306904 -0.545494 3.376881 -1.726692 -1.913631 0.087026
onegate_1_frame0262.jpg -0.185314 -1.215726 4.406037 -1.790379 -2.067713 0.307557
onegate_1_frame0552.jpg -0.820046 0.311610 3.334451 -1.909261 -1.829494 0.146407
onegate_2_frame0819.jpg 0.185122 -0.392441 2.846198 2.262913 2.123294 0.379518
onegate_1_frame0033.jpg 0.022654 0.368605 3.134215 -1.976410 -1.972042 -0.244765
onegate_2_frame0148.jpg 0.057791 0.804049 4.713948 1.614999 1.726263 -0.754753
onegate_1_frame0684.jpg -0.184846 0.055633 4.088035 1.618836 1.852833 -0.029062
onegate_2_frame0238.jpg -0.283616 -0.869883 4.081677 -1.573802 -1.899532 0.759247
onegate_2_frame0596.jpg -0.021110 0.600329 3.852072 -1.557043 -1.492284 0.806354
onegate_1_frame0077.jpg -0.042700 -1.300098 3.972502 -1.900758 -1.986322 0.171981
onegate_1_frame0107.jpg -0.091928 0.469432 5.212281 1.755092 1.752764 -0.486736
onegate_1_frame0226.jpg 0.165090 -0.481307 4.696535 -1.916808 -2.149487 0.086352
onegate_2_frame0741.jpg -0.006263 0.396549 2.786291 -1.986254 -1.839382 -0.137417
onegate_2_frame0728.jpg 0.187548 -0.070247 2.504387 -2.192946 -1.753282 -0.204002
onegate_1_frame1224.jpg 0.116333 0.017322 2.699352 -1.972864 -1.975247 -0.213547
onegate_2_frame1352.jpg 0.152481 -0.177064 1.629956 -2.240950 -1.848705 -0.311959
onegate_2_frame0865.jpg 0.617463 0.485624 3.567949 2.352897 1.952791 0.411461
onegate_1_frame0392.jpg -0.183680 -0.122818 4.210733 -1.976168 -1.633427 0.688800
onegate_2_frame0912.jpg -0.077044 -0.318973 3.299119 1.687977 1.626235 0.744713
onegate_2_frame0860.jpg 0.124245 0.474439 4.098565 2.317279 1.909100 -0.336267
onegate_1_frame0898.jpg -0.004914 -0.420534 2.125874 -2.202503 -1.910800 -0.057288
onegate_2_frame0081.jpg 0.355601 0.281713 3.034884 -1.995803 -1.977884 -0.221646
onegate_1_frame0285.jpg 0.026660 -1.208341 4.243233 -1.901599 -1.928947 0.578041
onegate_1_frame0088.jpg -0.188454 -0.500657 4.384906 -2.080495 -2.019377 -0.183851
onegate_2_frame0277.jpg -0.049915 0.469014 4.577182 -1.635290 -1.687896 1.205539
onegate_1_frame0632.jpg 0.091867 0.336903 3.070728 -2.132856 -1.883423 -0.226852
onegate_2_frame0949.jpg 0.056158 -0.121021 3.502684 1.525916 1.492222 0.818107
onegate_1_frame0048.jpg -0.027917 0.279276 3.070089 -1.949514 -2.004095 -0.213263
onegate_1_frame0884.jpg -0.186453 -0.505664 2.747969 1.664619 1.761600 0.081282
onegate_2_frame0809.jpg 0.166340 0.412541 2.976697 -2.074102 -2.001558 -0.423671
onegate_1_frame0942.jpg -0.219975 -0.132576 2.347545 -1.964711 -2.133130 0.241435
onegate_2_frame0282.jpg -0.237215 0.434925 4.610278 -1.583911 -1.713589 1.136644
onegate_1_frame0320.jpg -0.149313 -0.387500 4.181552 -1.788482 -1.823166 0.507786
onegate_2_frame0719.jpg 0.213836 -0.283660 3.084529 2.193903 2.102496 0.356640
onegate_1_frame0584.jpg -0.350808 -0.727658 3.288292 -2.065515 -2.111451 0.251319
onegate_1_frame0720.jpg -0.536141 0.560289 4.444928 1.497816 1.658958 0.459210
onegate_2_frame0714.jpg 0.118790 -0.937754 3.041963 -2.023796 -1.902165 0.880147
onegate_1_frame0072.jpg 0.134469 -0.621797 4.280475 -2.067974 -2.040072 -0.202876
onegate_1_frame0523.jpg -0.578590 -0.486386 3.160435 -1.914065 -1.925888 0.505132
onegate_1_frame0028.jpg 0.078862 0.345863 3.002817 -1.987602 -1.923460 -0.305184
onegate_1_frame0020.jpg -0.030510 -0.648081 2.808530 -2.093218 -2.058132 -0.118255
onegate_1_frame0641.jpg -0.142332 -0.137479 3.313025 -2.199378 -1.937187 -0.067123
onegate_1_frame1079.jpg 1.152756 0.262113 2.962189 1.575662 1.931662 -1.515013
onegate_1_frame0542.jpg -0.808124 0.349516 3.370125 -1.923495 -1.850941 0.181998
onegate_1_frame0576.jpg 0.232676 -0.487079 3.302717 2.304024 2.002428 0.119937
onegate_1_frame0978.jpg -0.768275 -0.232046 2.516887 -1.901539 -1.924459 0.391666
onegate_1_frame0136.jpg -0.132586 -0.419631 3.981197 -2.053280 -1.903513 0.022483
onegate_1_frame1143.jpg -0.295347 -0.226084 2.540266 -2.069817 -1.993592 -0.045318
onegate_1_frame0731.jpg 0.325232 0.421673 4.141761 1.496923 1.681025 0.345095
onegate_2_frame0838.jpg -0.380229 -0.879596 3.170928 1.598283 1.686411 0.510942
onegate_1_frame0642.jpg -0.243442 0.040651 3.465795 -2.156111 -1.998894 -0.027615
onegate_2_frame1381.jpg 0.258473 0.118835 3.187545 2.344475 2.024134 0.143216
onegate_1_frame0476.jpg -0.323807 -0.506444 3.326325 -1.665726 -1.712202 0.687102
onegate_1_frame0671.jpg -0.359141 -0.940631 3.174244 -1.689588 -1.957991 0.103513
onegate_1_frame0269.jpg 0.023147 -0.087064 5.420845 2.097893 2.233981 -0.123507
onegate_2_frame1042.jpg 0.412718 0.073303 2.035257 2.257644 2.076371 0.649269
onegate_2_frame0279.jpg -0.314007 0.072992 4.287742 -1.647920 -1.699188 1.020045
onegate_2_frame0720.jpg 0.420075 0.003468 3.525413 2.036566 1.938046 -0.889466
onegate_2_frame0244.jpg -0.323339 0.055276 5.031342 -1.702485 -2.094718 1.014296
onegate_1_frame0900.jpg -0.001612 -0.428460 2.116735 -2.140814 -1.974242 -0.181611
onegate_1_frame0447.jpg -0.293190 0.299874 3.995334 -1.968586 -1.771672 0.725863
onegate_1_frame0924.jpg -0.304931 0.072787 2.066185 -1.957999 -1.902585 -0.187653
onegate_1_frame0558.jpg 0.813546 -0.499363 3.154952 -1.910142 -2.074076 0.877472
onegate_1_frame0134.jpg 0.061533 -0.283874 3.879403 -1.761187 -2.146498 -0.057574
onegate_2_frame0189.jpg 0.124833 0.500302 5.484985 1.867685 2.106938 -0.055215
onegate_2_frame0187.jpg 0.131778 0.559332 5.166942 -2.028339 -2.113574 0.119050
onegate_2_frame0655.jpg -0.281392 0.383427 3.238971 -1.783081 -1.772037 0.276590
onegate_1_frame0804.jpg 0.286662 -0.066961 3.525687 1.304738 1.606666 0.569107
onegate_1_frame0073.jpg 0.094691 -0.442437 4.403597 -2.005535 -2.066223 -0.265047
onegate_1_frame1144.jpg -0.456313 -0.184523 2.456225 -2.045078 -1.963321 -0.086166
onegate_1_frame0213.jpg 0.383853 0.348617 5.173489 1.762948 1.916295 -0.635983
onegate_1_frame0575.jpg 0.202611 -0.365823 3.611719 2.253634 2.088778 -0.511530
onegate_2_frame0999.jpg 0.307637 -0.104475 3.369759 -1.714878 -1.047739 1.359383
onegate_1_frame0659.jpg -0.562620 -0.518720 3.320398 -1.962496 -1.971363 0.121721
onegate_1_frame0694.jpg 0.211900 -0.162588 3.782185 2.130407 1.837727 -0.068056
onegate_2_frame1365.jpg 0.412209 0.122482 2.954512 -2.273605 -1.941453 -0.233833
onegate_1_frame0128.jpg -0.301661 0.318365 4.371625 -1.937802 -2.055209 -0.175631
onegate_1_frame1189.jpg 0.164153 0.499080 3.994369 -2.003375 -2.000800 -0.201341
onegate_2_frame0234.jpg -0.360176 -0.588468 4.436244 -1.658554 -1.899706 0.690993
onegate_2_frame1413.jpg 1.048531 -0.129462 1.973515 -2.106046 -2.183691 -0.539568
onegate_2_frame1270.jpg -0.236709 0.052667 2.104882 -1.816730 -1.760787 0.281539
onegate_1_frame1182.jpg 0.122986 -0.966269 3.520589 -2.091903 -2.116224 -0.535929
onegate_2_frame0786.jpg -0.026954 -0.606002 2.611508 -2.116432 -2.090180 -0.002343
onegate_2_frame0715.jpg 0.110858 -0.888247 3.115074 -2.058344 -1.911663 0.903556
onegate_2_frame0787.jpg -0.019798 -0.509854 2.570053 -2.110960 -2.088175 -0.161531
onegate_1_frame0997.jpg -0.112595 -0.087667 2.504974 -1.762057 -1.729497 0.594412
onegate_1_frame0395.jpg -0.473552 0.216925 4.401390 -2.006491 -1.773797 0.495485
onegate_1_frame0998.jpg 0.058469 0.064770 2.659845 -1.733769 -1.743898 0.660342
onegate_2_frame0657.jpg -0.245394 -0.284075 2.842706 -1.677198 -1.767584 0.293028
onegate_1_frame0660.jpg -0.954238 -0.557733 3.278597 -1.888591 -1.954703 0.127420
onegate_1_frame0711.jpg -0.239571 0.235891 4.361656 1.954832 1.812688 0.432390
onegate_1_frame0863.jpg -0.582328 -0.288568 2.944486 1.706439 1.519547 0.513848
onegate_1_frame0977.jpg -0.442235 -0.254155 2.614687 -1.907401 -1.935558 0.458002
onegate_2_frame0813.jpg 0.243423 -0.148141 2.833709 -2.131366 -2.043961 -0.409661
onegate_1_frame0532.jpg -0.571364 -0.190343 3.250696 -1.881599 -1.991401 0.337407
onegate_1_frame0748.jpg -0.023665 -0.705903 3.547205 1.312937 1.633694 0.717759
onegate_1_frame0670.jpg -0.451295 -0.781639 3.706081 1.694097 1.784551 0.310641
onegate_2_frame0251.jpg 0.348097 0.149642 4.487745 -1.467898 -2.029303 1.434443
onegate_1_frame0655.jpg 0.947652 -0.274773 2.758176 -2.080365 -1.981047 -0.360015
onegate_1_frame0861.jpg -0.810097 -0.399373 2.788817 1.565767 1.437500 0.655710
onegate_1_frame0640.jpg -0.062208 -0.057207 3.209816 -2.172855 -1.894121 -0.107515
onegate_1_frame0393.jpg -0.127366 -0.091883 4.337772 -2.035260 -1.712725 0.621076
onegate_1_frame0467.jpg 0.571405 0.799728 4.342482 -1.847557 -1.728379 0.814496
onegate_1_frame0980.jpg -1.096424 -0.268425 2.420610 -1.846848 -1.892520 0.363959
onegate_1_frame0015.jpg -0.086093 -0.712468 2.892250 -2.155603 -2.031270 -0.079485
onegate_2_frame0818.jpg 0.327793 -0.305851 2.729982 -2.217841 -2.127728 -0.389303
onegate_1_frame0712.jpg -0.340965 0.703328 4.707305 1.893699 1.690541 0.253668
onegate_2_frame0727.jpg 0.406866 -0.017954 2.539006 -2.175431 -1.803522 -0.111258
onegate_2_frame0654.jpg -0.327853 0.481031 3.275403 -1.819248 -1.771578 0.256305
onegate_2_frame1389.jpg 0.484157 -0.189935 2.583569 1.996251 2.208697 0.475629
onegate_2_frame0820.jpg 0.009244 -0.416815 3.020335 2.111454 2.055325 0.376979
onegate_1_frame0267.jpg -0.415373 -0.594758 4.935602 -1.905264 -2.125588 0.157559
onegate_1_frame0489.jpg -0.705293 0.501789 3.967027 -1.836512 -1.726980 0.586208
onegate_1_frame0929.jpg 0.030530 -0.185562 2.140250 -1.901816 -2.052654 -0.113321
onegate_1_frame0812.jpg 0.041348 -0.317893 2.993960 -1.364557 -1.468263 0.706770
onegate_2_frame0344.jpg 0.031017 0.580523 4.223197 -1.537952 -1.485079 1.309780
onegate_1_frame0288.jpg -0.360167 -1.226506 4.367681 -1.919626 -1.909814 0.479628
onegate_2_frame0854.jpg 0.248708 -0.154269 3.424883 2.125178 1.879808 0.113330
onegate_1_frame0065.jpg 0.214022 -0.895182 4.243365 -2.019464 -2.192753 0.097170
onegate_2_frame0796.jpg 0.085169 -0.559225 2.744505 -2.156159 -2.204929 -0.294409
onegate_1_frame0830.jpg -0.729275 0.226879 3.523431 1.395914 1.429483 0.635178
onegate_2_frame0776.jpg -0.165323 -0.778985 3.195149 2.043477 2.038727 -0.215246
onegate_2_frame0759.jpg 0.331732 -0.002212 2.195809 -2.090352 -1.744355 -0.293727
onegate_1_frame0221.jpg -0.165540 -0.752321 4.455432 -1.805860 -2.106611 0.072907
onegate_2_frame0802.jpg 0.128604 -0.507108 2.684854 -2.196682 -2.110483 -0.572966
onegate_1_frame0214.jpg 0.292799 0.120423 4.598349 -1.999018 -2.043317 -0.131266
onegate_1_frame0232.jpg 0.319185 -0.093170 4.986861 1.888147 1.919394 -0.633425
onegate_2_frame1411.jpg 0.844984 0.168150 2.336662 -2.129805 -2.218278 -0.439989
onegate_1_frame0984.jpg -0.564595 -0.028934 2.575401 -1.942386 -1.818866 0.364447
onegate_1_frame0927.jpg -0.025042 -0.132308 2.038239 -1.915234 -1.987072 -0.190994
onegate_2_frame0132.jpg 0.414768 -0.066064 3.530452 -1.970128 -2.160136 -0.249528
onegate_1_frame0477.jpg -0.515610 -0.618182 3.195729 -1.679636 -1.719123 0.645520
onegate_1_frame1087.jpg -0.133652 -0.183878 2.296458 -2.033412 -2.045778 -0.081953
onegate_1_frame0832.jpg -0.891452 0.469757 3.555592 1.402848 1.162321 0.521695
onegate_1_frame0747.jpg 0.008933 -0.590497 3.667739 1.299903 1.636284 0.635042
onegate_1_frame0678.jpg -0.392076 -0.535059 3.283723 -1.711851 -1.917995 0.053497
onegate_2_frame0270.jpg -0.233352 0.352358 4.647342 -1.686844 -1.719825 1.210356
onegate_1_frame0089.jpg 0.034140 -0.734609 4.647334 2.138328 2.055023 -0.195467
onegate_1_frame0577.jpg 0.337181 -0.072628 3.143740 -2.234266 -1.862089 -0.061711
onegate_1_frame0537.jpg -0.547424 0.293237 3.268172 -1.958965 -1.811100 0.167645
onegate_1_frame0947.jpg 0.169439 -0.235996 2.808861 2.081003 2.039561 -0.621950
onegate_1_frame0118.jpg 0.099599 0.082102 4.543830 -1.983019 -2.003123 -0.178499
onegate_1_frame0704.jpg 0.131691 -0.695560 3.199205 2.011583 1.846209 0.739062
onegate_2_frame0877.jpg -0.201562 -0.181594 3.385597 1.656178 1.690209 0.641041
onegate_1_frame0148.jpg 0.201578 -0.417506 4.390329 -2.138638 -1.999865 -0.107417
onegate_1_frame0062.jpg -0.178888 -0.064093 4.789635 2.261155 2.012531 -0.122999
onegate_1_frame0556.jpg 0.185270 -0.017227 3.006836 -1.849508 -1.861289 0.199916
onegate_2_frame0266.jpg -0.295181 -0.508261 4.211717 -1.655737 -1.873631 1.116515
onegate_2_frame0170.jpg -0.056096 0.131801 4.228142 -2.045722 -2.325548 -0.431901
onegate_2_frame1271.jpg -0.311630 -0.076352 1.933928 -1.786574 -1.736805 0.297046
onegate_1_frame0091.jpg 0.061147 -0.899480 4.360080 -2.333433 -1.965782 0.421692
onegate_2_frame0240.jpg -0.263371 -0.649161 4.228924 -1.670549 -1.937079 0.760803
onegate_1_frame0474.jpg 0.354433 -0.429706 3.496026 -1.636368 -1.728329 0.806430
onegate_2_frame0989.jpg 0.602947 0.303965 3.928714 1.676170 1.494282 1.009179
onegate_1_frame0580.jpg 0.185459 -0.098818 3.209689 -2.214301 -2.031308 -0.250666
onegate_2_frame0235.jpg -0.326266 -0.661640 4.377989 -1.629383 -1.896743 0.726724
onegate_2_frame0342.jpg 0.017145 0.192716 3.902276 -1.490689 -1.495761 1.269300
onegate_1_frame0070.jpg 0.403439 -1.197982 4.088660 -2.011390 -2.168121 0.709661
onegate_1_frame0536.jpg -0.536286 0.238152 3.243140 -1.999382 -1.823452 0.189843
onegate_1_frame0480.jpg -0.779390 0.070597 3.640209 -1.767001 -1.708821 0.577134
onegate_2_frame0280.jpg -0.225924 0.084795 4.150826 -1.555639 -1.668998 1.063102
onegate_1_frame0330.jpg -0.143286 -0.458562 4.143454 -1.885767 -1.750233 0.553174
onegate_1_frame0348.jpg 0.345229 -0.972232 3.730926 -1.825236 -1.815451 1.016061
onegate_1_frame0607.jpg 0.283716 0.081985 2.761516 -2.114562 -1.804650 -0.243725
onegate_1_frame0251.jpg 0.156734 -1.368149 4.036228 -1.621936 -2.088720 0.432819
onegate_2_frame0078.jpg 0.313693 -0.024458 2.935846 -2.019329 -2.015982 -0.248825
onegate_1_frame0836.jpg -0.691161 -0.142244 3.065476 1.487624 1.320744 0.795613
onegate_1_frame0132.jpg -0.141714 0.057313 4.059162 -2.233719 -1.683942 -0.062345
onegate_1_frame0139.jpg -0.098424 -0.486658 4.269640 -1.986578 -2.091988 0.015702
onegate_2_frame1370.jpg 0.522649 0.343072 3.189003 -2.291988 -1.977265 -0.245330
onegate_1_frame0538.jpg -0.571525 0.225852 3.234262 -1.892588 -1.861913 0.140956
onegate_1_frame0044.jpg -0.102672 0.494528 3.080570 -1.929300 -1.951100 -0.262802
onegate_2_frame0149.jpg -0.060392 1.006801 4.896758 1.591643 1.733634 -0.705053
onegate_2_frame0778.jpg -0.198782 -0.782407 2.970662 -2.120249 -2.141337 -0.059384
onegate_1_frame0425.jpg 0.085809 -0.513018 3.668487 -1.840795 -1.699823 0.817507
onegate_1_frame1133.jpg -0.133601 -0.114812 1.640115 -2.002605 -1.901661 -0.208752
onegate_1_frame0322.jpg -0.025457 -0.981687 3.972583 1.791410 1.830769 0.620099
onegate_1_frame0027.jpg 0.010048 0.252088 2.960844 -1.985686 -1.890925 -0.189890
onegate_1_frame0086.jpg -0.131559 -0.154519 4.293919 -2.025441 -1.918255 -0.008468
onegate_2_frame0294.jpg -0.167773 0.961490 5.023039 -1.613489 -1.713827 1.216225
onegate_1_frame0561.jpg 0.724407 -0.560684 2.557286 -2.168681 -2.185559 -0.529598
onegate_1_frame1145.jpg -0.533118 -0.119392 2.426043 -1.974612 -1.951082 -0.056488
onegate_1_frame0223.jpg -0.315924 -0.957017 4.497777 -2.023417 -2.139192 0.260661
onegate_2_frame0716.jpg 0.110236 -0.737758 3.150894 -2.082090 -1.911830 0.959323
onegate_1_frame0129.jpg -0.296797 0.180815 5.099560 2.049091 2.208723 -0.117008
onegate_2_frame0198.jpg 0.575101 1.344149 5.413117 1.577759 1.901280 -1.319199
onegate_1_frame0399.jpg 1.631912 0.129629 4.280147 -1.921346 -1.826171 1.320077
onegate_2_frame0151.jpg -0.014581 -0.449338 4.078701 -2.127681 -2.250102 0.313824
onegate_1_frame0029.jpg 0.046457 -0.041548 2.934816 -1.954241 -1.932398 -0.284173
onegate_1_frame0604.jpg 0.298715 0.136288 2.931650 -2.156231 -1.827335 -0.131829
onegate_2_frame0242.jpg -0.344824 -0.174357 4.692770 -1.812959 -1.943296 0.877425
onegate_2_frame0827.jpg 0.322206 -0.634210 2.897964 1.918698 2.103913 0.475425
onegate_2_frame0203.jpg -0.706097 1.368947 6.071678 -1.843554 -2.502797 -0.101400
onegate_1_frame0562.jpg 0.794503 -0.513060 3.178669 -1.888137 -2.036604 0.894271
onegate_2_frame1380.jpg 0.368931 0.132928 3.153099 2.377572 2.038779 0.191761
onegate_1_frame0676.jpg -0.514088 -0.544583 3.940332 1.599546 1.736670 0.291946
onegate_1_frame0014.jpg -0.020959 -0.661452 2.968520 -2.018069 -2.157418 -0.051883
onegate_2_frame1144.jpg -0.085136 0.019798 1.560339 -1.936629 -1.825765 -0.358393
onegate_2_frame0780.jpg -0.096435 -0.958106 2.859996 1.996357 2.079784 0.198999
onegate_1_frame0158.jpg -0.074613 -1.483474 4.135926 -2.054235 -2.019331 0.472480
onegate_1_frame0026.jpg 0.000679 0.021166 3.020347 -2.027195 -2.006119 -0.220379
onegate_1_frame1176.jpg 0.068832 -0.644212 3.795992 -2.157176 -2.234562 -0.194010
onegate_2_frame0178.jpg 0.183312 -0.563487 4.418137 -1.967156 -2.016972 0.607971
onegate_1_frame1188.jpg 0.187172 0.421518 3.815185 -1.985760 -1.974763 -0.292225
onegate_2_frame1374.jpg 0.614924 0.345853 3.334457 -2.311530 -2.048338 -0.172132
onegate_1_frame0159.jpg -0.252525 -1.233509 4.274866 -2.073041 -2.010049 0.388195
onegate_1_frame0741.jpg -0.062708 -0.459543 3.796528 1.289860 1.621368 0.614997
onegate_1_frame0448.jpg -0.203240 0.014144 3.779025 -1.867748 -1.780331 0.769721
onegate_1_frame0583.jpg -0.370115 -0.543957 3.546295 1.890075 1.982683 0.306752
onegate_2_frame1403.jpg 1.117659 0.017957 1.739724 -2.086514 -1.992891 -0.467980
onegate_2_frame0937.jpg 0.645130 -0.311235 3.000728 1.744626 1.709368 1.012754
onegate_2_frame1359.jpg 0.631270 0.129603 2.179682 -2.185289 -1.863162 -0.359524
onegate_1_frame0388.jpg -0.270677 0.031876 4.335689 -2.030097 -1.706787 0.583888
onegate_1_frame1157.jpg 0.053724 0.103366 2.353776 -2.045913 -1.923442 -0.218037
onegate_1_frame0658.jpg -0.083126 -0.493234 3.595241 -2.193544 -2.187657 0.125433
onegate_1_frame0787.jpg -0.127979 -0.226978 3.381986 1.412634 1.332565 0.963966
onegate_1_frame0257.jpg -0.178881 -0.942630 4.536994 -1.903424 -1.960042 0.428018
onegate_2_frame0093.jpg 0.374769 -0.753599 3.223960 2.193704 2.050425 -0.793606
onegate_1_frame0665.jpg -0.827452 -0.783021 3.174356 -1.850146 -1.952435 0.126177
onegate_1_frame0703.jpg 0.014696 -0.795519 3.177903 2.032910 1.753631 0.708262
onegate_1_frame0814.jpg 0.023862 -0.253036 3.560413 1.169690 1.567100 0.485592
onegate_2_frame1372.jpg 0.640288 0.393945 3.253581 -2.259653 -1.996262 -0.144435
onegate_1_frame1140.jpg -0.084898 -0.301507 2.350089 -2.067462 -1.990780 -0.151112
onegate_1_frame0309.jpg -0.002924 0.691162 4.810695 -1.949669 -1.830743 0.294811
onegate_1_frame0803.jpg 0.284581 0.018374 3.656110 1.303276 1.608487 0.575282
onegate_1_frame0228.jpg 0.443931 -0.293233 4.380838 -2.013771 -1.987710 -0.252018
onegate_1_frame0266.jpg -0.202903 -0.495881 4.831277 -1.905932 -2.051724 0.502813
onegate_1_frame0463.jpg 0.624261 0.058340 3.806895 -1.741368 -1.685545 0.963333
onegate_1_frame0060.jpg 0.118971 -0.210575 3.870314 -2.020600 -1.999496 -0.243810
onegate_1_frame0085.jpg -0.071415 -0.061842 5.006407 1.896287 1.878337 -0.337928
onegate_1_frame0705.jpg 0.080354 -0.559572 3.332613 1.950241 1.853583 0.691976
onegate_1_frame0140.jpg -0.229825 -0.590136 4.612947 1.906616 1.983418 0.109046
onegate_2_frame0218.jpg -0.083056 -0.673265 4.561482 -1.718248 -2.070348 0.909026
onegate_1_frame0282.jpg 0.306003 -1.342053 4.190940 -1.893964 -1.948805 0.655073
onegate_1_frame0227.jpg 0.234883 -0.537331 4.770821 -2.045049 -2.123805 0.249576
onegate_2_frame0938.jpg 0.632421 -0.388864 2.937771 1.787860 1.697992 1.033856
onegate_1_frame0745.jpg 0.132347 -0.517272 3.791114 1.312150 1.680798 0.581321
onegate_1_frame0696.jpg -0.291566 -0.389408 3.592698 -2.099631 -1.796936 0.438447
onegate_2_frame0822.jpg 0.062418 -0.510357 3.187218 -1.999579 -2.043492 0.737769
onegate_1_frame1011.jpg -0.323143 -0.041266 2.726938 -1.689581 -1.624205 0.760121
onegate_1_frame0729.jpg -0.175248 0.242125 4.031111 1.435042 1.608042 0.499232
onegate_2_frame0075.jpg -0.089209 -0.158745 3.610234 1.908557 1.798932 -0.370159
onegate_1_frame0673.jpg -0.380690 -0.859685 3.257478 -1.702036 -1.970586 0.134141
onegate_1_frame0120.jpg 0.231341 0.452878 4.471787 -2.071059 -1.933939 -0.270934
onegate_1_frame0601.jpg 0.108867 0.181312 3.720975 1.799427 1.800733 -0.688227
onegate_1_frame0414.jpg -1.087994 0.016233 4.175732 -1.921489 -1.758558 0.479928
onegate_2_frame0656.jpg -0.278155 -0.036715 3.022347 -1.727127 -1.760006 0.271137
onegate_1_frame0717.jpg -0.360489 0.501395 4.398511 1.610922 1.679410 0.396439
onegate_2_frame0754.jpg 0.114786 0.173421 2.564344 -1.960133 -1.863374 -0.204615
onegate_1_frame0599.jpg 0.110831 -0.661091 3.261089 -2.135852 -2.209646 0.412904
onegate_2_frame0757.jpg 0.395186 0.345351 3.170969 1.608468 1.699475 -0.920532
onegate_1_frame0837.jpg -0.603509 0.063700 3.231825 1.469026 1.389094 0.723835
onegate_1_frame0017.jpg 0.130739 -0.409414 2.811963 -2.046179 -2.031541 -0.135450
onegate_2_frame0911.jpg -0.364622 0.032440 3.566610 -2.011148 -1.519756 0.860344
onegate_1_frame0024.jpg 0.015559 -0.276163 2.928560 -2.001478 -2.030604 -0.200727
onegate_2_frame0064.jpg -0.015200 -0.508884 3.231752 1.909783 2.001163 -0.386951
onegate_1_frame0493.jpg -0.614298 0.015158 3.768268 1.319498 1.558299 0.611328
onegate_2_frame0875.jpg -0.079817 -0.062288 3.450211 1.828139 1.770075 0.586007
onegate_1_frame0909.jpg -0.080686 0.211646 2.301310 -1.981040 -1.927780 -0.250692
onegate_2_frame0775.jpg -0.141179 -0.655138 3.256282 2.088215 2.058254 -0.163755
onegate_1_frame0423.jpg -0.321967 -0.016428 4.112049 -1.947684 -1.781832 0.625151
onegate_1_frame0349.jpg 0.294385 -0.599600 4.178279 -1.933428 -1.841106 0.997144
onegate_2_frame0873.jpg 0.137126 0.294824 3.842026 1.917282 1.870230 0.398477
onegate_1_frame0442.jpg 0.078412 -0.470706 3.271656 1.820508 1.743692 0.838878
onegate_1_frame1225.jpg 0.066515 -0.271417 2.626180 -1.969661 -2.034294 0.076310
onegate_1_frame1134.jpg -0.135261 -0.110484 1.774300 -2.026214 -1.888824 -0.153178
onegate_1_frame0242.jpg 0.046894 -0.412149 4.684494 -1.952901 -2.081865 0.299817
