onegate_1_frame0638.jpg -0.120215 -0.266262 3.238057 0.168090 0.000421 -0.117530
onegate_1_frame0638.jpg -0.120215 -0.266262 3.238057 0.168090 0.000421 -0.117530
onegate_2_frame0580.jpg -0.314483 -0.567960 2.934416 -0.068386 1.090040 0.149489
onegate_1_frame0331.jpg 0.122669 -0.792971 3.420174 -0.022691 0.748377 -0.011215
onegate_2_frame0269.jpg -0.357304 0.033472 3.918671 -0.141945 0.907799 -0.037260
onegate_2_frame0810.jpg 0.092701 0.196496 3.161656 0.207463 -0.040449 -0.046368
onegate_1_frame0350.jpg 0.337128 -0.669934 3.758908 -0.279383 0.781583 -0.035420
onegate_2_frame1401.jpg -0.039687 0.995576 12.717312 0.132847 1.160870 -0.127133
onegate_1_frame0456.jpg 0.736088 -0.166896 2.888951 -0.253729 1.059932 -0.037664
onegate_1_frame0609.jpg 0.170170 0.362763 3.311416 0.233796 0.101761 -0.069291
onegate_1_frame0379.jpg -0.612395 -0.517472 4.474709 0.458276 0.493418 0.097080
onegate_1_frame0389.jpg -0.079596 -0.107736 3.938597 -0.149868 0.706014 -0.163620
onegate_2_frame0299.jpg -0.111750 0.111677 3.694746 -0.160098 1.095041 -0.006741
onegate_1_frame0582.jpg -0.167802 -0.393740 3.413914 -0.131578 0.273470 0.014227
onegate_1_frame0736.jpg 0.041888 -0.275233 3.428513 -0.266687 -1.030633 0.139406
onegate_1_frame0736.jpg -3.572503 2.922398 14.654759 0.442739 0.251648 0.101566
onegate_1_frame0574.jpg 0.068507 -0.253777 3.319143 -0.105473 0.451230 -0.177641
onegate_1_frame0685.jpg -0.332828 0.371782 3.936376 -0.535198 -0.583635 0.074401
onegate_1_frame0031.jpg 0.143841 -0.202910 3.005556 0.246338 0.093187 -0.004836
onegate_1_frame0053.jpg -0.157618 0.045407 3.668761 0.092217 0.078714 -0.017482
onegate_2_frame1368.jpg 0.590249 0.087553 3.126272 0.026739 -0.077107 -0.100943
onegate_1_frame0557.jpg 0.661081 -0.524826 2.568084 -0.194285 0.809124 0.044153
onegate_1_frame0332.jpg 0.143846 -0.865764 3.232593 -0.010030 0.802492 0.012224
onegate_1_frame0384.jpg -0.660701 -0.718716 4.409800 0.455222 0.463591 0.111077
onegate_1_frame0400.jpg 1.593323 -0.331961 3.950500 0.570702 0.778414 -0.088284
onegate_1_frame0695.jpg 0.026528 -0.321395 3.466881 -0.044814 -0.469812 -0.115650
onegate_1_frame1082.jpg 0.493323 -0.460537 2.335257 0.200408 0.156422 0.023946
onegate_1_frame0411.jpg 0.638950 -0.390793 3.319108 -0.250808 0.931178 -0.066562
onegate_1_frame0199.jpg -0.433245 -0.951378 4.279570 -0.054736 0.389995 0.018999
onegate_1_frame0422.jpg -0.373800 0.009899 3.835929 -0.090360 0.663052 -0.099857
onegate_2_frame1358.jpg 0.475792 -0.124759 2.351022 0.213279 -0.020522 -0.110813
onegate_1_frame0985.jpg -0.231200 -0.162859 2.499164 -0.144410 0.659058 -0.103614
onegate_1_frame1175.jpg 0.167431 -0.352110 3.602900 0.251235 0.066846 -0.003335
onegate_1_frame0530.jpg -0.363576 -0.726547 3.252384 0.389244 0.519628 0.227290
onegate_2_frame0331.jpg 0.097475 -0.673987 3.128066 -0.036798 1.331777 0.035748
onegate_1_frame0201.jpg -0.501595 -0.683726 4.527658 0.032799 0.321987 -0.035377
onegate_2_frame0274.jpg -0.260971 0.331508 4.084445 -0.113952 0.965678 -0.117559
onegate_1_frame0344.jpg -0.203565 -1.082235 4.163304 0.345187 0.593939 0.234085
onegate_2_frame0897.jpg -0.027815 -0.616389 4.399658 0.003714 -1.334438 -0.037571
onegate_2_frame1387.jpg 0.217080 -0.188160 2.672590 -0.060911 -0.498365 0.048757
onegate_1_frame0239.jpg 0.070276 -0.538429 4.140797 0.068510 0.347964 0.035208
onegate_1_frame0630.jpg 0.298570 0.342003 3.147251 0.276143 0.064673 -0.086839
onegate_1_frame0151.jpg 0.128507 -0.454753 4.258840 -0.150248 0.360516 -0.097327
onegate_1_frame0374.jpg -1.345619 -0.624555 4.764018 0.457689 0.438414 0.145946
onegate_1_frame0083.jpg -0.161745 -0.364777 4.750260 -0.192126 0.093706 -0.023949
onegate_1_frame0054.jpg -0.377998 0.088753 3.823951 0.157051 0.115589 0.009940
onegate_1_frame0030.jpg 0.088790 -0.595821 2.836543 0.155670 0.276321 0.010783
onegate_1_frame1183.jpg 0.034529 -0.374680 3.770991 0.082006 0.245127 0.025863
onegate_1_frame0208.jpg 0.133064 -0.632454 4.241403 -0.025707 0.375713 -0.076597
onegate_1_frame1180.jpg 0.178242 -0.257913 3.917053 0.268982 0.065431 -0.013747
onegate_1_frame0709.jpg -0.231067 -0.149088 3.726189 0.719543 0.519691 0.176352
onegate_2_frame0191.jpg 0.390553 0.639364 4.787665 -0.241553 0.431121 -0.012795
onegate_1_frame1190.jpg 0.165605 0.424239 4.078646 0.329984 0.033839 -0.008200
onegate_1_frame0573.jpg 0.001268 -0.393617 3.231107 -0.068696 0.463204 -0.063436
onegate_1_frame0707.jpg 0.041511 -0.296005 3.440591 0.096395 -0.610671 -0.008208
onegate_2_frame0275.jpg -0.365270 0.309063 3.953974 -0.151403 0.949717 -0.062834
onegate_1_frame0710.jpg -0.146281 0.191064 3.824578 -0.163808 -0.618913 -0.057675
onegate_1_frame1227.jpg 0.091061 0.251058 2.725202 0.292897 0.086969 -0.003308
onegate_2_frame0774.jpg -0.085746 -0.724303 3.203520 -0.218057 0.080578 0.024595
onegate_1_frame0241.jpg -0.020489 -0.659102 4.064188 -0.044138 0.432997 0.067906
onegate_1_frame0449.jpg -0.198987 0.270903 3.598824 -0.190422 0.723316 -0.102936
onegate_1_frame0224.jpg -0.264828 -0.705839 4.231204 0.085425 0.358051 0.037801
onegate_2_frame0650.jpg 0.020846 -0.326797 2.544553 -0.030476 0.801812 0.012782
onegate_2_frame0724.jpg 0.542304 -0.067155 2.746722 -0.423063 0.573967 0.000023
onegate_1_frame1173.jpg 0.086965 -0.180952 3.418423 0.231146 0.105939 0.029269
onegate_1_frame0981.jpg -0.593392 -0.603295 1.326952 0.662216 0.727268 0.451560
onegate_1_frame0064.jpg -0.051397 -0.875393 4.094536 -0.004054 0.253537 0.064824
onegate_1_frame0638.jpg -0.120215 -0.266262 3.238057 0.168090 0.000421 -0.117530
onegate_2_frame0580.jpg -0.314483 -0.567960 2.934416 -0.068386 1.090040 0.149489
onegate_1_frame0331.jpg 0.122669 -0.792971 3.420174 -0.022691 0.748377 -0.011215
onegate_2_frame0269.jpg -0.357304 0.033472 3.918671 -0.141945 0.907799 -0.037260
onegate_2_frame0810.jpg 0.092701 0.196496 3.161656 0.207463 -0.040449 -0.046368
onegate_1_frame0350.jpg 0.337128 -0.669934 3.758908 -0.279383 0.781583 -0.035420
onegate_2_frame1401.jpg -0.039687 0.995576 12.717312 0.132847 1.160870 -0.127133
onegate_1_frame0456.jpg 0.736088 -0.166896 2.888951 -0.253729 1.059932 -0.037664
onegate_1_frame0609.jpg 0.170170 0.362763 3.311416 0.233796 0.101761 -0.069291
onegate_1_frame0379.jpg -0.612395 -0.517472 4.474709 0.458276 0.493418 0.097080
onegate_1_frame0389.jpg -0.079596 -0.107736 3.938597 -0.149868 0.706014 -0.163620
onegate_2_frame0299.jpg -0.111750 0.111677 3.694746 -0.160098 1.095041 -0.006741
onegate_1_frame0582.jpg -0.167802 -0.393740 3.413914 -0.131578 0.273470 0.014227
onegate_1_frame0736.jpg 0.041888 -0.275233 3.428513 -0.266687 -1.030633 0.139406
onegate_1_frame0736.jpg -3.572503 2.922398 14.654759 0.442739 0.251648 0.101566
onegate_1_frame0574.jpg 0.068507 -0.253777 3.319143 -0.105473 0.451230 -0.177641
onegate_1_frame0685.jpg -0.332828 0.371782 3.936376 -0.535198 -0.583635 0.074401
onegate_1_frame0031.jpg 0.143841 -0.202910 3.005556 0.246338 0.093187 -0.004836
onegate_1_frame0053.jpg -0.157618 0.045407 3.668761 0.092217 0.078714 -0.017482
onegate_2_frame1368.jpg 0.590249 0.087553 3.126272 0.026739 -0.077107 -0.100943
onegate_1_frame0557.jpg 0.661081 -0.524826 2.568084 -0.194285 0.809124 0.044153
onegate_1_frame0332.jpg 0.143846 -0.865764 3.232593 -0.010030 0.802492 0.012224
onegate_1_frame0384.jpg -0.660701 -0.718716 4.409800 0.455222 0.463591 0.111077
onegate_1_frame0400.jpg 1.593323 -0.331961 3.950500 0.570702 0.778414 -0.088284
onegate_1_frame0695.jpg 0.026528 -0.321395 3.466881 -0.044814 -0.469812 -0.115650
onegate_1_frame1082.jpg 0.493323 -0.460537 2.335257 0.200408 0.156422 0.023946
onegate_1_frame0411.jpg 0.638950 -0.390793 3.319108 -0.250808 0.931178 -0.066562
onegate_1_frame0199.jpg -0.433245 -0.951378 4.279570 -0.054736 0.389995 0.018999
onegate_1_frame0422.jpg -0.373800 0.009899 3.835929 -0.090360 0.663052 -0.099857
onegate_2_frame1358.jpg 0.475792 -0.124759 2.351022 0.213279 -0.020522 -0.110813
onegate_1_frame0985.jpg -0.231200 -0.162859 2.499164 -0.144410 0.659058 -0.103614
onegate_1_frame1175.jpg 0.167431 -0.352110 3.602900 0.251235 0.066846 -0.003335
onegate_1_frame0530.jpg -0.363576 -0.726547 3.252384 0.389244 0.519628 0.227290
onegate_2_frame0331.jpg 0.097475 -0.673987 3.128066 -0.036798 1.331777 0.035748
onegate_1_frame0376.jpg 0.781356 -0.745246 3.962013 0.345421 0.728027 0.086247
